%mem=20GB
%NProcShared=6
#P b2plypd3/cc-pvtz
# SCF=(xqc)
# POpt=(verytight)
# int=ultrafine

comment: 

0 2
C  
C  1    R1 
C  1    R2  2    A2 
H  1    R3  2    A3  3    D3 
O  3    R4  1    A4  2    D4 
C  3    R5  1    A5  5    D5 
H  3    R6  1    A6  5    D6 
H  2    R7  1    A7  3    D7 
H  2    R8  1    A8  8    D8 
H  2    R9  1    A9  8    D9 
H  6   R10  3   A10  1   D10 
H  6   R11  3   A11  11   D11 
H  6   R12  3   A12  11   D12 
X  7   R13  3   A13  1   D13 
Cl 7   R14  14   A14  3   D14 
    Variables:
R1   =   1.497268
R2   =   1.466531
R3   =   1.083019
R4   =   1.457606
R5   =   1.497266
R6   =   1.083017
R7   =   1.085615
R8   =   1.090199
R9   =   1.088612
R10  =   1.088612
R11  =   1.090199
R12  =   1.085616
R14  =   2.907134
A2   = 125.030
A3   = 115.384
A4   =  59.797
A5   = 125.031
A6   = 115.789
A7   = 112.072
A8   = 109.592
A9   = 109.911
A10  = 109.911
A11  = 109.592
A12  = 112.072
A14  =  74.374
D3   = 202.970
D4   = 102.067
D5   = 257.933
D6   = 100.982
D7   = 334.810
D8   = 120.869
D9   = 239.417
D10  = 145.778
D11  = 118.548
D12  = 239.417
D14  = 219.825
    Constants:
R13  =   1.000000
A13  =  25.061
D13  = 261.454

