%mem=20GB
%NProcShared=6
#P b2plypd3/cc-pvtz
# SCF=(xqc)
# POpt=(verytight)
# int=ultrafine

comment: 

0 2
C  
C  1    R1 
C  1    R2  2    A2 
H  1    R3  2    A3  3    D3 
O  3    R4  1    A4  2    D4 
C  3    R5  1    A5  5    D5 
H  3    R6  1    A6  5    D6 
H  2    R7  1    A7  3    D7 
H  2    R8  1    A8  8    D8 
H  2    R9  1    A9  8    D9 
H  6   R10  3   A10  1   D10 
H  6   R11  3   A11  11   D11 
H  6   R12  3   A12  11   D12 
X  7   R13  3   A13  1   D13 
Cl 7   R14  14   A14  3   D14 
    Variables:
R1   =   1.506624
R2   =   1.468087
R3   =   1.090898
R4   =   1.432090
R5   =   1.502939
R6   =   1.090576
R7   =   1.091817
R8   =   1.095558
R9   =   1.094243
R10  =   1.094630
R11  =   1.095025
R12  =   1.091984
R14  =   2.987465
A2   = 124.219886
A3   = 114.545835
A4   =  59.497768
A5   = 125.716820
A6   = 115.953192
A7   = 111.879485
A8   = 109.541741
A9   = 110.461871
A10  = 109.210474
A11  = 110.324410
A12  = 112.160984
A14  =  70.689785
D3   = 205.732274
D4   = 103.920782
D5   = 257.793217
D6   = 102.398926
D7   = 332.360721
D8   = 120.578322
D9   = 239.544217
D10  = 143.905715
D11  = 118.745789
D12  = 240.284591
D14  = 178.314701
    Constants:
R13  =   1.000000
A13  =  25.061422
D13  = 261.454421

