%mem=20GB
%NProcShared=6
#P b2plypd3/cc-pvtz
# SCF=(xqc)
# POpt=(CALCFC,TS,NOEIGEN,MAXCYCLES=60)
# int=ultrafine

comment: 

0 2
C  
C  1    R1 
C  1    R2  2    A2 
H  1    R3  2    A3  3    D3 
O  3    R4  1    A4  2    D4 
C  3    R5  1    A5  5    D5 
H  3    R6  1    A6  5    D6 
H  2    R7  1    A7  3    D7 
H  2    R8  1    A8  8    D8 
H  2    R9  1    A9  8    D9 
H  6   R10  3   A10  1   D10 
H  6   R11  3   A11  11   D11 
H  6   R12  3   A12  11   D12 
X  7   R13  3   A13  1   D13 
Cl 7   R14  14   A14  3   D14 
  Variables:
R1   =   1.505686
R2   =   1.471121
R3   =   1.092279
R4   =   1.424538
R5   =   1.505230
R6   =   1.097632
R7   =   1.092094
R8   =   1.095260
R9   =   1.094802
R10  =   1.094619
R11  =   1.095146
R12  =   1.092137
R14  =   2.632574
A2   = 124.535304
A3   = 114.277828
A4   =  58.939945
A5   = 125.410802
A6   = 115.648855
A7   = 111.854600
A8   = 110.293754
A9   = 109.865965
A10  = 109.876508
A11  = 110.281350
A12  = 111.696587
A14  = 103.236252
D3   = 205.814769
D4   = 103.792822
D5   = 256.280080
D6   = 103.153625
D7   = 333.816721
D8   = 121.181696
D9   = 240.208728
D10  = 146.584666
D11  = 119.057704
D12  = 240.214177
D14  = 240.796402
  Constants:
R13  =   1.000000
A13  =  90.000000
D13  = 135.137816
