%mem=20GB
%NProcShared=6
#P b2plypd3/cc-pvtz
# SCF=(xqc)
# POpt=()
# int=ultrafine

comment: 

0 2
C  
C  1    R1 
C  1    R2  2    A2 
H  1    R3  2    A3  3    D3 
O  3    R4  1    A4  2    D4 
C  3    R5  1    A5  5    D5 
H  3    R6  1    A6  5    D6 
H  2    R7  1    A7  3    D7 
H  2    R8  1    A8  8    D8 
H  2    R9  1    A9  8    D9 
H  6   R10  3   A10  1   D10 
H  6   R11  3   A11  11   D11 
H  6   R12  3   A12  11   D12 
X  7   R13  3   A13  6   D13 
Cl 7   R14  14   A14  3   D14 
  Variables:
R1   =   1.486874
R2   =   1.510820
R3   =   1.082264
R4   =   1.434087
R5   =   1.486874
R6   =   1.082264
R7   =   1.094120
R8   =   1.094627
R9   =   1.094202
R10  =   1.094627
R11  =   1.094203
R12  =   1.094119
R14  =   1.703571
A2   = 123.293506
A3   = 112.989479
A4   =  58.213647
A5   = 123.293500
A6   = 118.307567
A7   = 112.698737
A8   = 109.927110
A9   = 110.089900
A10  = 109.927110
A11  = 110.089922
A12  = 112.698724
A14  =  90.000000
D3   = 206.506919
D4   = 100.492580
D5   = 259.507409
D6   = 107.325415
D7   = 319.479767
D8   = 239.972993
D9   = 121.077420
D10  = 160.547467
D11  = 118.895605
D12  = 239.972998
D14  = 180.000000
  Constants:
R13  =   1.000000
A13  =  90.000000
D13  = 310.819528

