
$orca_hessian_file

$act_atom
  0

$act_coord
  0

$act_energy
     -691.913460

$multiplicity
  1

$hessian
42
                    0                  1                  2                  3                  4        
    0      5.6045721317E-01  -1.7663220388E-02   9.8333082083E-02  -2.2492634103E-01   1.9831052735E-02
    1     -1.7663220388E-02   6.4710420671E-01   8.2922146555E-02   1.8811441705E-02  -8.9289216125E-02
    2      9.8333082083E-02   8.2922146555E-02   2.6930641074E-01  -5.0109618122E-02   3.6883666453E-03
    3     -2.2492634103E-01   1.8811441705E-02  -5.0109618122E-02   5.1312484293E-01  -6.1636091533E-03
    4      1.9831052735E-02  -8.9289216125E-02   3.6883666453E-03  -6.1636091533E-03   5.8802478819E-01
    5     -3.5394820162E-02   8.9473959191E-03  -7.9163284379E-02  -2.3709230367E-02   7.4432652336E-03
    6     -1.3273956695E-01  -1.2030206658E-01  -5.8793008946E-02  -1.7254858452E-02  -2.1062951956E-02
    7     -1.2283111251E-01  -2.1377886350E-01  -4.2247792652E-02  -5.0509217017E-04   3.6656903048E-03
    8     -3.0100091593E-02   2.4977273397E-04   9.9076215674E-03  -7.0850779451E-03  -1.0065184209E-02
    9     -1.1408582490E-01   1.1985027255E-01   3.6921871734E-03  -1.0005814623E-02   2.5216962130E-02
   10      1.1774894969E-01  -2.7272560612E-01  -1.6158502806E-02  -2.1313715965E-03   2.3323606123E-03
   11      4.9905299546E-03  -5.1321706030E-03  -4.1504248125E-02  -4.7037272457E-03   1.1221083230E-02
   12     -4.6448103526E-02   6.7405325427E-03   5.0578692537E-03   6.1308025144E-03  -6.8868362396E-03
   13      3.5530087792E-03  -5.6813146011E-02  -3.0746682625E-02  -2.7225531810E-03  -9.9350723373E-04
   14     -2.5428301046E-02  -7.6139526849E-02  -1.4892618791E-01  -1.9901631102E-03  -5.3318609142E-03
   15      4.7058994177E-03  -1.3828083707E-02   4.4273644684E-03   1.6755212899E-03  -1.3257131366E-04
   16      5.8136431816E-03  -1.1424381699E-02   4.1567886648E-03   9.3333555112E-05   1.1618765823E-03
   17      1.0579170028E-02  -1.4248996892E-02  -3.1979534581E-04   4.0430728382E-04   4.3496769195E-04
   18     -1.8140438773E-02   4.1921349784E-03   7.7400072759E-03   8.2404536378E-04  -5.6717897763E-04
   19     -1.0329499930E-02  -2.2463223687E-03  -1.3797125742E-03  -3.5748929245E-04  -1.0714657925E-03
   20     -9.3463855213E-03   5.7782757451E-04   1.0867632249E-04  -3.7245560407E-04  -8.7089396593E-04
   21     -1.3404044292E-02   3.2139733069E-02   6.2434416544E-03  -8.4443117089E-02   8.9326009724E-02
   22      4.1924048693E-04  -1.5432212200E-03  -3.6921734917E-04   9.3054161036E-02  -2.7916576664E-01
   23     -5.3818828494E-03   1.1516604018E-02  -7.4920125988E-04   1.4787614009E-02  -3.5690121255E-02
   24     -2.2693602970E-02  -2.4976922358E-02   1.4065473777E-02  -1.3626254093E-01  -1.0212446699E-01
   25      2.2528759447E-03   2.2842362029E-03  -3.0169836193E-03  -1.0203558971E-01  -1.6487923472E-01
   26     -9.8615725987E-03  -1.0525971589E-02   4.8154612816E-03   7.4981061642E-02   8.4305938353E-02
   27      3.2510925960E-03  -7.6684232419E-03  -2.9267860596E-02  -4.7403422395E-02   1.5630398418E-03
   28     -7.0721552904E-04  -1.3456619162E-03   1.9580503565E-03   1.0579624594E-03  -5.8435447040E-02
   29      1.5962939995E-03  -2.9454493491E-03  -1.0877994308E-02  -2.2557867975E-03  -5.5548809595E-02
   30      5.0926271855E-05   3.1455864361E-04  -5.6144797730E-05   5.2192861098E-05   2.6980678191E-05
   31      4.2124688861E-03  -3.0867612577E-03  -2.7248761657E-04   3.7212042312E-04  -3.4252583724E-05
   32     -1.4081040754E-04   3.0177655596E-03   2.4124868242E-05  -1.7030372523E-04   1.6781062410E-04
   33      7.9217548532E-05   2.5083781210E-04   6.5230708078E-04  -2.8951226187E-04   3.4043563694E-04
   34     -1.0817705195E-03   2.0397537325E-04   8.4835492370E-04  -7.9272656818E-06  -4.3138166578E-04
   35      2.3231238415E-04   1.0617421556E-03  -5.5822721445E-04  -4.5157088933E-05   1.6839828405E-04
   36     -8.5602289454E-05   1.6930549218E-06   1.9560023804E-04  -5.2203513801E-04   1.5117487807E-04
   37      4.6575960685E-04   1.9242141781E-03  -1.0446711112E-06   8.4121527476E-06  -8.6163992950E-04
   38      5.4583093242E-04   7.2097378705E-05   5.2730420079E-04  -2.6178684513E-04   1.8391527225E-04
   39      3.9791757305E-03   3.0189821364E-03  -1.7010922120E-03  -6.9976304417E-04   4.7100639358E-04
   40     -2.5656506513E-03   7.3654775347E-04   8.5406155199E-04   5.3715365024E-04  -2.2803956287E-05
   41     -1.1029635345E-03   3.9141860303E-04  -2.5906604348E-03   8.9461462013E-05  -5.3207250433E-04
                    5                  6                  7                  8                  9        
    0     -3.5394820162E-02  -1.3273956695E-01  -1.2283111251E-01  -3.0100091593E-02  -1.1408582490E-01
    1      8.9473959191E-03  -1.2030206658E-01  -2.1377886350E-01   2.4977273397E-04   1.1985027255E-01
    2     -7.9163284379E-02  -5.8793008946E-02  -4.2247792652E-02   9.9076215674E-03   3.6921871734E-03
    3     -2.3709230367E-02  -1.7254858452E-02  -5.0509217017E-04  -7.0850779451E-03  -1.0005814623E-02
    4      7.4432652336E-03  -2.1062951956E-02   3.6656903048E-03  -1.0065184209E-02   2.5216962130E-02
    5      5.5167485113E-01   1.3464827270E-02  -6.0530559699E-03  -5.8687498330E-03   2.2040672589E-03
    6      1.3464827270E-02   3.4476885502E-01   1.2386772932E-01  -3.8232536098E-02   9.1739088155E-03
    7     -6.0530559699E-03   1.2386772932E-01   5.9536609379E-01  -8.4087430991E-02  -1.9706073687E-02
    8     -5.8687498330E-03  -3.8232536098E-02  -8.4087430991E-02   3.2942453335E-01  -1.1436535897E-03
    9      2.2040672589E-03   9.1739088155E-03  -1.9706073687E-02  -1.1436535897E-03   1.1758577708E-01
   10     -1.0514034638E-04   9.3509866071E-03  -1.7618254541E-02  -4.5230967498E-03  -1.1912166666E-01
   11      4.6208364566E-03  -6.7596302067E-03   8.5598045102E-03  -6.5376125316E-03  -5.0523878373E-04
   12     -4.2001012673E-02  -8.2138972702E-02  -2.9168764619E-02   9.5071722463E-02   1.2571331787E-04
   13     -7.5414061007E-03  -1.4985851064E-02  -8.1585920193E-02   5.7676946519E-02  -2.3130637873E-03
   14     -1.5273706966E-02   1.0613459272E-01   9.3472003467E-02  -2.2050237490E-01   1.9345526572E-04
   15      1.5158697214E-04  -6.2392327252E-02   1.9685294909E-02  -8.2133471902E-03  -9.9830758941E-04
   16     -1.4369003979E-04   1.0169828086E-02  -2.1826870623E-01   3.1068659135E-02  -1.0169916795E-03
   17      1.3091709927E-03  -6.7012949193E-03   2.1071176059E-02  -8.1190749221E-02  -2.9530173233E-03
   18      3.6223394354E-04   2.5059455941E-02  -1.7595885342E-03  -1.6266585855E-02   1.3638114979E-03
   19      1.1174550611E-03  -8.4191389517E-03  -2.2371235588E-02   4.1303439337E-03  -5.4909973454E-04
   20      3.9004438761E-04  -1.6407058057E-02   3.4771636906E-03  -2.3112498423E-02   9.4099650554E-04
   21      1.2690242016E-02   4.1061775244E-04   1.4152480917E-03   1.3637641217E-03  -4.7733354931E-03
   22     -3.4510737895E-02   4.7630918264E-05   3.0347937367E-04  -6.5633415955E-04  -2.2480561214E-04
   23     -5.2308350875E-02  -3.6860136346E-04  -1.2177954866E-04   1.4219564547E-03  -2.3522467167E-03
   24      7.4133758500E-02  -4.2616410097E-03   3.1010606808E-03  -1.3799171459E-04   6.3926836803E-04
   25      8.5638116106E-02   4.8262031870E-04   1.0833519504E-03   6.1975703260E-04  -4.8104454280E-04
   26     -1.0634645744E-01  -3.3806854706E-03  -1.2094185854E-03  -2.0232229873E-04   8.3791912298E-04
   27     -2.1226664333E-03   2.0095297940E-03  -3.7690857874E-04  -1.4534290279E-03   6.6294799968E-04
   28     -5.5149407921E-02   5.7214840129E-04   8.7070649261E-05  -1.2110498686E-03  -6.1985309642E-04
   29     -3.0110268918E-01   5.2983351190E-04   2.1271873084E-04  -9.7787453788E-04  -3.1080559344E-04
   30      1.2184073289E-04   7.9688474564E-04   3.4052272986E-03   3.2664156346E-03   1.5711222316E-04
   31      5.5226653153E-04  -1.7030676717E-02  -2.4809892194E-02  -2.4413514070E-02  -1.1143263722E-03
   32     -8.7611796815E-05   5.8625061943E-03   5.9394876690E-03   7.2175680027E-03   3.6130946994E-04
   33     -7.6646872100E-05  -9.2921949526E-04   3.4281550002E-04  -4.0208851832E-03   1.1838254262E-05
   34      9.2812002432E-07  -1.5245069273E-02  -2.2366574459E-03   3.0399184809E-02   1.1206241063E-04
   35      4.5623549713E-05   3.0752834735E-03   4.0962099349E-04  -7.5268376808E-03   1.3508148459E-04
   36      1.6385372024E-04  -3.9194488286E-03   2.5554006030E-03   5.3302923523E-04   1.3750183389E-04
   37     -6.6585208807E-05   3.2104488273E-02  -1.3791975375E-02   2.5271554436E-03  -1.3322852293E-04
   38     -2.2117572447E-05  -8.5668241668E-03   2.8187980437E-03  -2.5378545266E-03   3.6750380211E-05
   39      4.5282854728E-04  -7.8583217383E-02   2.0051698138E-02   6.2285815602E-03   5.4032103701E-06
   40      2.9579361935E-04   2.0373388169E-02  -6.0441810026E-03  -1.5469506082E-03  -5.0463265602E-04
   41      2.1324415233E-03   1.0332681241E-02  -2.4095543678E-03   4.8519457557E-04  -7.0298449791E-05
                   10                 11                 12                 13                 14        
    0      1.1774894969E-01   4.9905299546E-03  -4.6448103526E-02   3.5530087792E-03  -2.5428301046E-02
    1     -2.7272560612E-01  -5.1321706030E-03   6.7405325427E-03  -5.6813146011E-02  -7.6139526849E-02
    2     -1.6158502806E-02  -4.1504248125E-02   5.0578692537E-03  -3.0746682625E-02  -1.4892618791E-01
    3     -2.1313715965E-03  -4.7037272457E-03   6.1308025144E-03  -2.7225531810E-03  -1.9901631102E-03
    4      2.3323606123E-03   1.1221083230E-02  -6.8868362396E-03  -9.9350723373E-04  -5.3318609142E-03
    5     -1.0514034638E-04   4.6208364566E-03  -4.2001012673E-02  -7.5414061007E-03  -1.5273706966E-02
    6      9.3509866071E-03  -6.7596302067E-03  -8.2138972702E-02  -1.4985851064E-02   1.0613459272E-01
    7     -1.7618254541E-02   8.5598045102E-03  -2.9168764619E-02  -8.1585920193E-02   9.3472003467E-02
    8     -4.5230967498E-03  -6.5376125316E-03   9.5071722463E-02   5.7676946519E-02  -2.2050237490E-01
    9     -1.1912166666E-01  -5.0523878373E-04   1.2571331787E-04  -2.3130637873E-03   1.9345526572E-04
   10      2.9106537462E-01   2.4333616127E-02  -5.3203169605E-03  -3.6660711886E-03  -3.4838357464E-03
   11      2.4333616127E-02   4.8867856016E-02   8.0750760576E-03  -3.8232593334E-02  -8.4722250905E-03
   12     -5.3203169605E-03   8.0750760576E-03   1.3696463104E-01   4.5323365945E-02  -9.0892560768E-02
   13     -3.6660711886E-03  -3.8232593334E-02   4.5323365945E-02   1.4489203342E-01  -2.1498547847E-02
   14     -3.4838357464E-03  -8.4722250905E-03  -9.0892560768E-02  -2.1498547847E-02   3.9927025115E-01
   15     -1.3047096254E-03   1.0189695964E-03   1.2662867387E-04  -1.5030808201E-02   7.1298026633E-03
   16      1.4932084909E-04   1.1859209605E-03  -3.6718025027E-03  -3.4541526377E-03   9.0052639670E-03
   17     -1.9297741755E-03   3.0104363521E-03   3.4534771578E-04   3.9556983298E-02  -6.8630563479E-03
   18      9.5870060926E-04  -4.4635258204E-04  -1.5790455975E-02  -1.0419283622E-02   7.4034883808E-03
   19     -8.9096871022E-04  -8.6072375446E-04  -3.5515761452E-03   2.3967552271E-03   9.5363315336E-05
   20      4.8469868355E-04  -3.4760498512E-05   2.3383889995E-02   7.1602400874E-04  -7.9433459839E-03
   21     -8.0877144914E-04  -2.8992661682E-03   2.8431541567E-03  -9.7184596066E-04   1.4340922648E-04
   22      1.2717552872E-03   2.6851696547E-05  -6.1075611423E-04   1.0224157493E-03   7.2533750714E-04
   23     -2.7202565124E-05   2.2693112324E-05   1.0812193520E-03   1.1303219067E-03  -5.4304243984E-04
   24      4.4205201368E-04  -2.2994178475E-04   3.9206762541E-03   3.5269147000E-04  -1.8497282635E-03
   25     -8.0188721840E-05  -4.6128405488E-04  -8.0442839553E-04  -8.6562312233E-05   4.7178541799E-05
   26      5.7588120147E-06   4.2208626800E-05   2.9516333357E-03   1.1465667024E-03   9.7392077500E-04
   27      9.0497602713E-04   8.3250746174E-04  -8.7055278620E-03  -1.4964239952E-03  -2.9614656343E-03
   28      3.7996778035E-05  -2.5964905860E-04  -5.0607960230E-04   8.7262827342E-04   1.1146365875E-03
   29      2.8627283888E-04   6.1330210626E-04  -2.8191219563E-03   4.3414184203E-04   1.8120761030E-03
   30      2.1202817009E-05  -4.4756481817E-05  -7.9941803118E-04  -1.1647951897E-03  -2.8089027853E-04
   31     -7.5995583363E-04   8.3348060090E-04   8.4968971023E-04   4.8840740101E-03   1.7679423140E-03
   32      4.1745570127E-04  -9.8635804097E-05  -3.6150773267E-04  -2.2425961150E-03   1.3530366996E-03
   33      1.2225720954E-04   7.9679411595E-06   1.5025714872E-03   2.5312085707E-04  -4.5756152352E-04
   34      1.8717801893E-05  -2.8565069471E-04   2.8416194735E-04  -7.9177472436E-03   6.3937194469E-04
   35      1.0517141070E-04   2.9181520769E-05  -4.6693184170E-04   6.9347528801E-04   2.3288157971E-03
   36     -6.1073796848E-05  -1.8015875845E-04   1.2687158113E-03  -6.7429708710E-04  -5.6392911181E-04
   37      6.6018278525E-05  -3.1045028023E-04  -1.4852111989E-03   1.7044031791E-03  -6.8185594508E-04
   38     -4.8186437537E-05  -2.1183615018E-05   1.5047521522E-04  -7.9669391824E-04   2.9700603346E-04
   39     -1.9572563035E-04  -2.2248520474E-04   9.9958483750E-04   5.0998717863E-04   2.9836768629E-03
   40      7.9950088636E-04   3.7263803095E-04  -1.4052305098E-03  -1.2552030392E-03  -7.0715081177E-04
   41     -3.4810812190E-04  -5.3784852635E-04   8.6007619938E-04   6.7974084470E-04   2.4888330760E-03
                   15                 16                 17                 18                 19        
    0      4.7058994177E-03   5.8136431816E-03   1.0579170028E-02  -1.8140438773E-02  -1.0329499930E-02
    1     -1.3828083707E-02  -1.1424381699E-02  -1.4248996892E-02   4.1921349784E-03  -2.2463223687E-03
    2      4.4273644684E-03   4.1567886648E-03  -3.1979534581E-04   7.7400072759E-03  -1.3797125742E-03
    3      1.6755212899E-03   9.3333555112E-05   4.0430728382E-04   8.2404536378E-04  -3.5748929245E-04
    4     -1.3257131366E-04   1.1618765823E-03   4.3496769195E-04  -5.6717897763E-04  -1.0714657925E-03
    5      1.5158697214E-04  -1.4369003979E-04   1.3091709927E-03   3.6223394354E-04   1.1174550611E-03
    6     -6.2392327252E-02   1.0169828086E-02  -6.7012949193E-03   2.5059455941E-02  -8.4191389517E-03
    7      1.9685294909E-02  -2.1826870623E-01   2.1071176059E-02  -1.7595885342E-03  -2.2371235588E-02
    8     -8.2133471902E-03   3.1068659135E-02  -8.1190749221E-02  -1.6266585855E-02   4.1303439337E-03
    9     -9.9830758941E-04  -1.0169916795E-03  -2.9530173233E-03   1.3638114979E-03  -5.4909973454E-04
   10     -1.3047096254E-03   1.4932084909E-04  -1.9297741755E-03   9.5870060926E-04  -8.9096871022E-04
   11      1.0189695964E-03   1.1859209605E-03   3.0104363521E-03  -4.4635258204E-04  -8.6072375446E-04
   12      1.2662867387E-04  -3.6718025027E-03   3.4534771578E-04  -1.5790455975E-02  -3.5515761452E-03
   13     -1.5030808201E-02  -3.4541526377E-03   3.9556983298E-02  -1.0419283622E-02   2.3967552271E-03
   14      7.1298026633E-03   9.0052639670E-03  -6.8630563479E-03   7.4034883808E-03   9.5363315336E-05
   15      5.6762999233E-01   8.3149709158E-03  -8.4405431865E-03  -1.3869928792E-02   1.8993362447E-02
   16      8.3149709158E-03   4.8746521644E-01   1.9000071612E-02   4.5292438170E-03  -1.0345997067E-02
   17     -8.4405431865E-03   1.9000071612E-02   5.6970386948E-01  -1.9267947311E-03   2.4038441796E-03
   18     -1.3869928792E-02   4.5292438170E-03  -1.9267947311E-03   1.8115134961E-02   5.9555189342E-03
   19      1.8993362447E-02  -1.0345997067E-02   2.4038441796E-03   5.9555189342E-03   4.1889353914E-02
   20     -2.3646975575E-03   1.5475904984E-03   2.1172392257E-03   3.4745539246E-03  -6.1488561412E-03
   21     -1.5865409800E-04  -1.0994140190E-04  -3.3288183954E-04   1.9372001963E-04   2.7989436549E-04
   22     -3.2499682944E-04   9.1071694662E-05   4.2709133927E-04  -1.7207661223E-04  -6.9366569732E-05
   23      1.5236249409E-04  -1.6778488911E-04  -2.5012892909E-04  -2.6232871023E-05   7.7491735295E-05
   24     -6.7520790209E-05   8.3624009353E-04  -4.2376975968E-04  -2.2304697828E-04  -5.5165233763E-04
   25      2.0494945485E-04   4.2976621311E-04   4.1248944465E-05   3.2272167956E-04  -1.9701911040E-04
   26      1.3430882615E-04   7.3587092779E-04  -1.1196894631E-04  -1.4392958554E-04  -2.2984284907E-04
   27     -4.6293393022E-04  -6.0958079416E-05   1.3349944578E-05  -2.4241267634E-04   2.2508166007E-04
   28     -6.4003313001E-05   3.5571371216E-04  -6.9462371186E-05  -1.0611108706E-04  -8.9414827214E-05
   29     -2.8092362588E-04   1.5329959526E-04  -8.3836293839E-05  -5.2419417718E-05  -9.5255622928E-05
   30     -1.0293224832E-01  -7.0050170817E-02  -8.6738263968E-02   6.6347412765E-04   1.0735631588E-04
   31     -6.8983195720E-02  -1.2914121398E-01  -1.0538302322E-01  -7.6970857105E-04   5.0148318267E-04
   32     -8.6611006662E-02  -1.0526047383E-01  -1.7876957160E-01  -8.4112022627E-05  -5.6684536058E-04
   33     -1.0039654330E-01  -1.8283672741E-02   1.0810169266E-01   6.1179242009E-04  -3.1651001054E-04
   34     -1.6462709589E-02  -5.3120652976E-02   3.4456902860E-02  -5.1924389535E-04   1.7565544779E-04
   35      1.0617670215E-01   3.7652598501E-02  -2.6128759271E-01   1.1816184458E-04   1.7918096897E-04
   36     -2.9415084410E-01   6.5597838068E-02  -1.3344218145E-02   1.9967769921E-03   2.6796786874E-04
   37      6.7318296839E-02  -6.2091465293E-02   4.2287843739E-03   9.1969100521E-04  -3.0190872852E-03
   38     -1.3073651786E-02   4.0763110645E-03  -4.6456817201E-02   1.5875657759E-04   7.4627785270E-04
   39      1.2912664591E-03  -1.5571193161E-03   1.2344960409E-03  -5.6192812892E-04  -1.6086795507E-03
   40      1.0097625534E-03  -1.8063956114E-03  -1.2923608018E-03  -2.7103553628E-03  -4.6623704522E-03
   41     -2.4506963156E-05  -1.7078790642E-03  -8.0719946049E-04  -1.0646378301E-03   9.8439648589E-04
                   20                 21                 22                 23                 24        
    0     -9.3463855213E-03  -1.3404044292E-02   4.1924048693E-04  -5.3818828494E-03  -2.2693602970E-02
    1      5.7782757451E-04   3.2139733069E-02  -1.5432212200E-03   1.1516604018E-02  -2.4976922358E-02
    2      1.0867632249E-04   6.2434416544E-03  -3.6921734917E-04  -7.4920125988E-04   1.4065473777E-02
    3     -3.7245560407E-04  -8.4443117089E-02   9.3054161036E-02   1.4787614009E-02  -1.3626254093E-01
    4     -8.7089396593E-04   8.9326009724E-02  -2.7916576664E-01  -3.5690121255E-02  -1.0212446699E-01
    5      3.9004438761E-04   1.2690242016E-02  -3.4510737895E-02  -5.2308350875E-02   7.4133758500E-02
    6     -1.6407058057E-02   4.1061775244E-04   4.7630918264E-05  -3.6860136346E-04  -4.2616410097E-03
    7      3.4771636906E-03   1.4152480917E-03   3.0347937367E-04  -1.2177954866E-04   3.1010606808E-03
    8     -2.3112498423E-02   1.3637641217E-03  -6.5633415955E-04   1.4219564547E-03  -1.3799171459E-04
    9      9.4099650554E-04  -4.7733354931E-03  -2.2480561214E-04  -2.3522467167E-03   6.3926836803E-04
   10      4.8469868355E-04  -8.0877144914E-04   1.2717552872E-03  -2.7202565124E-05   4.4205201368E-04
   11     -3.4760498512E-05  -2.8992661682E-03   2.6851696547E-05   2.2693112324E-05  -2.2994178475E-04
   12      2.3383889995E-02   2.8431541567E-03  -6.1075611423E-04   1.0812193520E-03   3.9206762541E-03
   13      7.1602400874E-04  -9.7184596066E-04   1.0224157493E-03   1.1303219067E-03   3.5269147000E-04
   14     -7.9433459839E-03   1.4340922648E-04   7.2533750714E-04  -5.4304243984E-04  -1.8497282635E-03
   15     -2.3646975575E-03  -1.5865409800E-04  -3.2499682944E-04   1.5236249409E-04  -6.7520790209E-05
   16      1.5475904984E-03  -1.0994140190E-04   9.1071694662E-05  -1.6778488911E-04   8.3624009353E-04
   17      2.1172392257E-03  -3.3288183954E-04   4.2709133927E-04  -2.5012892909E-04  -4.2376975968E-04
   18      3.4745539246E-03   1.9372001963E-04  -1.7207661223E-04  -2.6232871023E-05  -2.2304697828E-04
   19     -6.1488561412E-03   2.7989436549E-04  -6.9366569732E-05   7.7491735295E-05  -5.5165233763E-04
   20      3.3284350322E-02  -6.9650639642E-05   1.5729070877E-04  -1.0787490089E-05  -4.9181539849E-04
   21     -6.9650639642E-05   9.1585325615E-02  -1.0045018812E-01  -1.3409552518E-02   7.7141384556E-03
   22      1.5729070877E-04  -1.0045018812E-01   3.0106991935E-01   3.8099902950E-02   8.3826917675E-03
   23     -1.0787490089E-05  -1.3409552518E-02   3.8099902950E-02   5.2398249232E-02  -6.9673429760E-03
   24     -4.9181539849E-04   7.7141384556E-03   8.3826917675E-03  -6.9673429760E-03   1.5046867080E-01
   25     -2.0877402405E-04  -1.7979510014E-02  -1.7923100824E-02   1.4632219866E-02   1.1313487153E-01
   26     -6.0727145425E-07  -3.7121219673E-03  -4.0463956334E-03   1.7525154776E-03  -7.9526305728E-02
   27     -1.0739649115E-04  -4.9549262335E-04   8.8478562810E-04   1.2298460122E-02   3.2935478161E-04
   28      4.9295937405E-05  -1.5978733236E-03  -4.5040047723E-03  -2.9319241183E-02   1.1891588393E-03
   29     -5.0551006074E-05   2.8483789415E-05   1.3185041800E-04  -2.4577394021E-03  -4.2822933263E-04
   30      2.1813138908E-04   5.5708688650E-04   1.6153274689E-06  -2.9636838462E-04   1.3964201384E-04
   31      6.4098740349E-05  -2.3575125106E-05   3.1599066512E-04   2.8825416115E-04  -2.6117616059E-04
   32      1.7391206168E-04  -9.5508069702E-05   1.6859922921E-04   1.8219707108E-04   6.6453488045E-05
   33     -1.9219357463E-04   4.2481169570E-05  -7.9026755902E-05   1.3963841056E-04   8.9602812737E-06
   34      1.3918840688E-05   2.4542602579E-05   1.7591534031E-05   6.2238720685E-05   7.4769551843E-06
   35      1.4882870797E-04   3.7241726442E-06  -1.3237198023E-05  -2.2503994219E-05   3.6283344795E-05
   36     -4.8328338534E-04  -1.7316426402E-04  -1.5641686551E-03  -1.2973165818E-04   2.7635279472E-04
   37      1.0133331007E-03  -1.4585686142E-03  -3.5758249455E-04  -1.0801432879E-04  -1.2025001179E-04
   38      3.9723451071E-04  -7.6991932343E-05  -1.8490392099E-04   2.6687278739E-04   7.7834704818E-05
   39      2.5712273630E-03   1.0128380360E-04   5.6711835362E-04  -2.1698464721E-04   1.1288927895E-05
   40     -1.3258348826E-03   2.8362132703E-04  -5.2918112974E-04  -1.6474856868E-04   3.9488160985E-05
   41     -5.4677348653E-03   8.1255775154E-04  -1.6423871180E-04   2.9727025493E-04   4.4794700509E-04
                   25                 26                 27                 28                 29        
    0      2.2528759447E-03  -9.8615725987E-03   3.2510925960E-03  -7.0721552904E-04   1.5962939995E-03
    1      2.2842362029E-03  -1.0525971589E-02  -7.6684232419E-03  -1.3456619162E-03  -2.9454493491E-03
    2     -3.0169836193E-03   4.8154612816E-03  -2.9267860596E-02   1.9580503565E-03  -1.0877994308E-02
    3     -1.0203558971E-01   7.4981061642E-02  -4.7403422395E-02   1.0579624594E-03  -2.2557867975E-03
    4     -1.6487923472E-01   8.4305938353E-02   1.5630398418E-03  -5.8435447040E-02  -5.5548809595E-02
    5      8.5638116106E-02  -1.0634645744E-01  -2.1226664333E-03  -5.5149407921E-02  -3.0110268918E-01
    6      4.8262031870E-04  -3.3806854706E-03   2.0095297940E-03   5.7214840129E-04   5.2983351190E-04
    7      1.0833519504E-03  -1.2094185854E-03  -3.7690857874E-04   8.7070649261E-05   2.1271873084E-04
    8      6.1975703260E-04  -2.0232229873E-04  -1.4534290279E-03  -1.2110498686E-03  -9.7787453788E-04
    9     -4.8104454280E-04   8.3791912298E-04   6.6294799968E-04  -6.1985309642E-04  -3.1080559344E-04
   10     -8.0188721840E-05   5.7588120147E-06   9.0497602713E-04   3.7996778035E-05   2.8627283888E-04
   11     -4.6128405488E-04   4.2208626800E-05   8.3250746174E-04  -2.5964905860E-04   6.1330210626E-04
   12     -8.0442839553E-04   2.9516333357E-03  -8.7055278620E-03  -5.0607960230E-04  -2.8191219563E-03
   13     -8.6562312233E-05   1.1465667024E-03  -1.4964239952E-03   8.7262827342E-04   4.3414184203E-04
   14      4.7178541799E-05   9.7392077500E-04  -2.9614656343E-03   1.1146365875E-03   1.8120761030E-03
   15      2.0494945485E-04   1.3430882615E-04  -4.6293393022E-04  -6.4003313001E-05  -2.8092362588E-04
   16      4.2976621311E-04   7.3587092779E-04  -6.0958079416E-05   3.5571371216E-04   1.5329959526E-04
   17      4.1248944465E-05  -1.1196894631E-04   1.3349944578E-05  -6.9462371186E-05  -8.3836293839E-05
   18      3.2272167956E-04  -1.4392958554E-04  -2.4241267634E-04  -1.0611108706E-04  -5.2419417718E-05
   19     -1.9701911040E-04  -2.2984284907E-04   2.2508166007E-04  -8.9414827214E-05  -9.5255622928E-05
   20     -2.0877402405E-04  -6.0727145425E-07  -1.0739649115E-04   4.9295937405E-05  -5.0551006074E-05
   21     -1.7979510014E-02  -3.7121219673E-03  -4.9549262335E-04  -1.5978733236E-03   2.8483789415E-05
   22     -1.7923100824E-02  -4.0463956334E-03   8.8478562810E-04  -4.5040047723E-03   1.3185041800E-04
   23      1.4632219866E-02   1.7525154776E-03   1.2298460122E-02  -2.9319241183E-02  -2.4577394021E-03
   24      1.1313487153E-01  -7.9526305728E-02   3.2935478161E-04   1.1891588393E-03  -4.2822933263E-04
   25      1.7438263728E-01  -9.3092579257E-02   5.2291357997E-03   4.5931429163E-03  -3.6736643090E-03
   26     -9.3092579257E-02   1.1262220865E-01   1.9400983338E-02   2.2043667730E-02  -1.4098814170E-02
   27      5.2291357997E-03   1.9400983338E-02   5.1427597661E-02   8.2575547957E-04   4.3942516403E-03
   28      4.5931429163E-03   2.2043667730E-02   8.2575547957E-04   5.8516610609E-02   6.1458372562E-02
   29     -3.6736643090E-03  -1.4098814170E-02   4.3942516403E-03   6.1458372562E-02   3.2714413384E-01
   30     -3.8868759090E-05  -1.7801049325E-05   6.6965621740E-06  -1.5310917590E-05   3.8858953779E-06
   31      1.5017592051E-04  -4.2463360611E-05  -3.2257381857E-05  -2.2872576733E-05  -5.2796850290E-06
   32     -3.1853251995E-05   2.8794814503E-05   2.2771318569E-05   9.5568579081E-05   3.7832970203E-07
   33     -8.1923669579E-05  -9.4904818620E-05  -1.3912752489E-04  -2.0551250871E-04  -8.7389113704E-05
   34      2.9459912494E-05   1.6187540580E-05   7.0273804659E-05  -1.4745397767E-04  -2.1567140407E-04
   35     -1.9763402260E-07  -1.9334365763E-05  -1.6657839119E-04  -3.3990975400E-05   1.9154902339E-04
   36     -5.1641895311E-05  -1.5263115871E-05  -6.7362229775E-05   2.3411292284E-04   7.5954429168E-05
   37      3.7300052600E-04   4.8067222498E-05   8.7239141881E-05   2.4548492012E-05   4.5985206184E-05
   38     -2.3786251359E-05  -7.6288568029E-05  -2.6600775611E-05  -2.3194137610E-04  -2.3623305341E-04
   39      3.9456861533E-04  -3.2594779331E-04  -1.7094015270E-04   7.7439532051E-05  -1.5741350596E-04
   40     -1.5966523328E-04   3.3517991021E-04  -2.8993436253E-04   5.7143679637E-05  -1.8543434125E-04
   41      4.0035986388E-05   6.2068343660E-04  -1.0929403983E-03  -4.9792588616E-04   1.2429255083E-04
                   30                 31                 32                 33                 34        
    0      5.0926271855E-05   4.2124688861E-03  -1.4081040754E-04   7.9217548532E-05  -1.0817705195E-03
    1      3.1455864361E-04  -3.0867612577E-03   3.0177655596E-03   2.5083781210E-04   2.0397537325E-04
    2     -5.6144797730E-05  -2.7248761657E-04   2.4124868242E-05   6.5230708078E-04   8.4835492370E-04
    3      5.2192861098E-05   3.7212042312E-04  -1.7030372523E-04  -2.8951226187E-04  -7.9272656818E-06
    4      2.6980678191E-05  -3.4252583724E-05   1.6781062410E-04   3.4043563694E-04  -4.3138166578E-04
    5      1.2184073289E-04   5.5226653153E-04  -8.7611796815E-05  -7.6646872100E-05   9.2812002432E-07
    6      7.9688474564E-04  -1.7030676717E-02   5.8625061943E-03  -9.2921949526E-04  -1.5245069273E-02
    7      3.4052272986E-03  -2.4809892194E-02   5.9394876690E-03   3.4281550002E-04  -2.2366574459E-03
    8      3.2664156346E-03  -2.4413514070E-02   7.2175680027E-03  -4.0208851832E-03   3.0399184809E-02
    9      1.5711222316E-04  -1.1143263722E-03   3.6130946994E-04   1.1838254262E-05   1.1206241063E-04
   10      2.1202817009E-05  -7.5995583363E-04   4.1745570127E-04   1.2225720954E-04   1.8717801893E-05
   11     -4.4756481817E-05   8.3348060090E-04  -9.8635804097E-05   7.9679411595E-06  -2.8565069471E-04
   12     -7.9941803118E-04   8.4968971023E-04  -3.6150773267E-04   1.5025714872E-03   2.8416194735E-04
   13     -1.1647951897E-03   4.8840740101E-03  -2.2425961150E-03   2.5312085707E-04  -7.9177472436E-03
   14     -2.8089027853E-04   1.7679423140E-03   1.3530366996E-03  -4.5756152352E-04   6.3937194469E-04
   15     -1.0293224832E-01  -6.8983195720E-02  -8.6611006662E-02  -1.0039654330E-01  -1.6462709589E-02
   16     -7.0050170817E-02  -1.2914121398E-01  -1.0526047383E-01  -1.8283672741E-02  -5.3120652976E-02
   17     -8.6738263968E-02  -1.0538302322E-01  -1.7876957160E-01   1.0810169266E-01   3.4456902860E-02
   18      6.6347412765E-04  -7.6970857105E-04  -8.4112022627E-05   6.1179242009E-04  -5.1924389535E-04
   19      1.0735631588E-04   5.0148318267E-04  -5.6684536058E-04  -3.1651001054E-04   1.7565544779E-04
   20      2.1813138908E-04   6.4098740349E-05   1.7391206168E-04  -1.9219357463E-04   1.3918840688E-05
   21      5.5708688650E-04  -2.3575125106E-05  -9.5508069702E-05   4.2481169570E-05   2.4542602579E-05
   22      1.6153274689E-06   3.1599066512E-04   1.6859922921E-04  -7.9026755902E-05   1.7591534031E-05
   23     -2.9636838462E-04   2.8825416115E-04   1.8219707108E-04   1.3963841056E-04   6.2238720685E-05
   24      1.3964201384E-04  -2.6117616059E-04   6.6453488045E-05   8.9602812737E-06   7.4769551843E-06
   25     -3.8868759090E-05   1.5017592051E-04  -3.1853251995E-05  -8.1923669579E-05   2.9459912494E-05
   26     -1.7801049325E-05  -4.2463360611E-05   2.8794814503E-05  -9.4904818620E-05   1.6187540580E-05
   27      6.6965621740E-06  -3.2257381857E-05   2.2771318569E-05  -1.3912752489E-04   7.0273804659E-05
   28     -1.5310917590E-05  -2.2872576733E-05   9.5568579081E-05  -2.0551250871E-04  -1.4745397767E-04
   29      3.8858953779E-06  -5.2796850290E-06   3.7832970203E-07  -8.7389113704E-05  -2.1567140407E-04
   30      1.0791977756E-01   7.5657346292E-02   9.5127133922E-02   6.6489831309E-03   9.6225518009E-03
   31      7.5657346292E-02   1.4323538994E-01   1.1487520726E-01   3.3775234260E-03   3.9709169148E-03
   32      9.5127133922E-02   1.1487520726E-01   1.8903453173E-01  -1.4021872791E-02  -1.6252451644E-02
   33      6.6489831309E-03   3.3775234260E-03  -1.4021872791E-02   1.0341670158E-01   2.0119526125E-02
   34      9.6225518009E-03   3.9709169148E-03  -1.6252451644E-02   2.0119526125E-02   5.8078424152E-02
   35      1.0213170217E-02   4.3072297530E-03  -1.8182181802E-02  -1.1688626393E-01  -4.1750572636E-02
   36     -1.3093722629E-02   4.4441822943E-03   8.9053415908E-04  -1.1299113068E-02   2.7709867932E-03
   37     -1.8021751277E-02   5.3915491461E-03  -7.5366069065E-05  -5.7838663376E-03   5.2658014238E-04
   38     -2.1489869039E-02   6.9598552702E-03  -7.4830635025E-04   2.7622774658E-02  -8.2271855653E-03
   39     -1.6738739889E-04  -1.5777655099E-04  -2.4178898342E-04   7.3096978277E-04   5.3372282755E-04
   40     -4.0658064622E-04  -5.9463134931E-04  -7.0112966195E-05  -2.8458926711E-04   8.3257203063E-04
   41     -6.3028194869E-04   2.8623794476E-04  -1.2823622812E-04  -1.1210382938E-03  -3.8480757868E-04
                   35                 36                 37                 38                 39        
    0      2.3231238415E-04  -8.5602289454E-05   4.6575960685E-04   5.4583093242E-04   3.9791757305E-03
    1      1.0617421556E-03   1.6930549218E-06   1.9242141781E-03   7.2097378705E-05   3.0189821364E-03
    2     -5.5822721445E-04   1.9560023804E-04  -1.0446711112E-06   5.2730420079E-04  -1.7010922120E-03
    3     -4.5157088933E-05  -5.2203513801E-04   8.4121527476E-06  -2.6178684513E-04  -6.9976304417E-04
    4      1.6839828405E-04   1.5117487807E-04  -8.6163992950E-04   1.8391527225E-04   4.7100639358E-04
    5      4.5623549713E-05   1.6385372024E-04  -6.6585208807E-05  -2.2117572447E-05   4.5282854728E-04
    6      3.0752834735E-03  -3.9194488286E-03   3.2104488273E-02  -8.5668241668E-03  -7.8583217383E-02
    7      4.0962099349E-04   2.5554006030E-03  -1.3791975375E-02   2.8187980437E-03   2.0051698138E-02
    8     -7.5268376808E-03   5.3302923523E-04   2.5271554436E-03  -2.5378545266E-03   6.2285815602E-03
    9      1.3508148459E-04   1.3750183389E-04  -1.3322852293E-04   3.6750380211E-05   5.4032103701E-06
   10      1.0517141070E-04  -6.1073796848E-05   6.6018278525E-05  -4.8186437537E-05  -1.9572563035E-04
   11      2.9181520769E-05  -1.8015875845E-04  -3.1045028023E-04  -2.1183615018E-05  -2.2248520474E-04
   12     -4.6693184170E-04   1.2687158113E-03  -1.4852111989E-03   1.5047521522E-04   9.9958483750E-04
   13      6.9347528801E-04  -6.7429708710E-04   1.7044031791E-03  -7.9669391824E-04   5.0998717863E-04
   14      2.3288157971E-03  -5.6392911181E-04  -6.8185594508E-04   2.9700603346E-04   2.9836768629E-03
   15      1.0617670215E-01  -2.9415084410E-01   6.7318296839E-02  -1.3073651786E-02   1.2912664591E-03
   16      3.7652598501E-02   6.5597838068E-02  -6.2091465293E-02   4.0763110645E-03  -1.5571193161E-03
   17     -2.6128759271E-01  -1.3344218145E-02   4.2287843739E-03  -4.6456817201E-02   1.2344960409E-03
   18      1.1816184458E-04   1.9967769921E-03   9.1969100521E-04   1.5875657759E-04  -5.6192812892E-04
   19      1.7918096897E-04   2.6796786874E-04  -3.0190872852E-03   7.4627785270E-04  -1.6086795507E-03
   20      1.4882870797E-04  -4.8328338534E-04   1.0133331007E-03   3.9723451071E-04   2.5712273630E-03
   21      3.7241726442E-06  -1.7316426402E-04  -1.4585686142E-03  -7.6991932343E-05   1.0128380360E-04
   22     -1.3237198023E-05  -1.5641686551E-03  -3.5758249455E-04  -1.8490392099E-04   5.6711835362E-04
   23     -2.2503994219E-05  -1.2973165818E-04  -1.0801432879E-04   2.6687278739E-04  -2.1698464721E-04
   24      3.6283344795E-05   2.7635279472E-04  -1.2025001179E-04   7.7834704818E-05   1.1288927895E-05
   25     -1.9763402260E-07  -5.1641895311E-05   3.7300052600E-04  -2.3786251359E-05   3.9456861533E-04
   26     -1.9334365763E-05  -1.5263115871E-05   4.8067222498E-05  -7.6288568029E-05  -3.2594779331E-04
   27     -1.6657839119E-04  -6.7362229775E-05   8.7239141881E-05  -2.6600775611E-05  -1.7094015270E-04
   28     -3.3990975400E-05   2.3411292284E-04   2.4548492012E-05  -2.3194137610E-04   7.7439532051E-05
   29      1.9154902339E-04   7.5954429168E-05   4.5985206184E-05  -2.3623305341E-04  -1.5741350596E-04
   30      1.0213170217E-02  -1.3093722629E-02  -1.8021751277E-02  -2.1489869039E-02  -1.6738739889E-04
   31      4.3072297530E-03   4.4441822943E-03   5.3915491461E-03   6.9598552702E-03  -1.5777655099E-04
   32     -1.8182181802E-02   8.9053415908E-04  -7.5366069065E-05  -7.4830635025E-04  -2.4178898342E-04
   33     -1.1688626393E-01  -1.1299113068E-02  -5.7838663376E-03   2.7622774658E-02   7.3096978277E-04
   34     -4.1750572636E-02   2.7709867932E-03   5.2658014238E-04  -8.2271855653E-03   5.3372282755E-04
   35      2.8136655847E-01  -2.1689670722E-03  -1.3054127870E-03   3.5210584339E-03   1.7755460419E-04
   36     -2.1689670722E-03   3.2012142503E-01  -7.3748558410E-02   1.5180843765E-02  -4.8947991893E-04
   37     -1.3054127870E-03  -7.3748558410E-02   6.9381224249E-02  -5.4797406016E-03   1.7878536141E-04
   38      3.5210584339E-03   1.5180843765E-02  -5.4797406016E-03   4.4945129958E-02   4.6404082183E-05
   39      1.7755460419E-04  -4.8947991893E-04   1.7878536141E-04   4.6404082183E-05   7.3553743275E-02
   40     -7.9475436018E-04  -2.5485464732E-04   7.3021218611E-04   1.4612473886E-04  -1.8052796623E-02
   41     -3.4937736966E-05  -4.7821007061E-04   1.5420299509E-04   1.4419496300E-04  -8.8934514420E-03
                   40                 41        
     0     -2.5656506513E-03  -1.1029635345E-03
     1      7.3654775347E-04   3.9141860303E-04
     2      8.5406155199E-04  -2.5906604348E-03
     3      5.3715365024E-04   8.9461462013E-05
     4     -2.2803956287E-05  -5.3207250433E-04
     5      2.9579361935E-04   2.1324415233E-03
     6      2.0373388169E-02   1.0332681241E-02
     7     -6.0441810026E-03  -2.4095543678E-03
     8     -1.5469506082E-03   4.8519457557E-04
     9     -5.0463265602E-04  -7.0298449791E-05
    10      7.9950088636E-04  -3.4810812190E-04
    11      3.7263803095E-04  -5.3784852635E-04
    12     -1.4052305098E-03   8.6007619938E-04
    13     -1.2552030392E-03   6.7974084470E-04
    14     -7.0715081177E-04   2.4888330760E-03
    15      1.0097625534E-03  -2.4506963156E-05
    16     -1.8063956114E-03  -1.7078790642E-03
    17     -1.2923608018E-03  -8.0719946049E-04
    18     -2.7103553628E-03  -1.0646378301E-03
    19     -4.6623704522E-03   9.8439648589E-04
    20     -1.3258348826E-03  -5.4677348653E-03
    21      2.8362132703E-04   8.1255775154E-04
    22     -5.2918112974E-04  -1.6423871180E-04
    23     -1.6474856868E-04   2.9727025493E-04
    24      3.9488160985E-05   4.4794700509E-04
    25     -1.5966523328E-04   4.0035986388E-05
    26      3.3517991021E-04   6.2068343660E-04
    27     -2.8993436253E-04  -1.0929403983E-03
    28      5.7143679637E-05  -4.9792588616E-04
    29     -1.8543434125E-04   1.2429255083E-04
    30     -4.0658064622E-04  -6.3028194869E-04
    31     -5.9463134931E-04   2.8623794476E-04
    32     -7.0112966195E-05  -1.2823622812E-04
    33     -2.8458926711E-04  -1.1210382938E-03
    34      8.3257203063E-04  -3.8480757868E-04
    35     -7.9475436018E-04  -3.4937736966E-05
    36     -2.5485464732E-04  -4.7821007061E-04
    37      7.3021218611E-04   1.5420299509E-04
    38      1.4612473886E-04   1.4419496300E-04
    39     -1.8052796623E-02  -8.8934514420E-03
    40      1.1918455238E-02   3.7960514322E-03
    41      3.7960514322E-03   3.2737068718E-03

$vibrational_frequencies
42
    0        0.0000000000000000
    1        0.0000000000000000
    2        0.0000000000000000
    3        0.0000000000000000
    4        0.0000000000000000
    5        0.0000000000000000
    6       91.6452023376190255
    7       98.9338991990512966
    8      138.4910882258288041
    9      164.1549620207644296
   10      194.0443768476560535
   11      244.9769506431905484
   12      357.8236537287503438
   13      439.2827053023894450
   14      489.9144041406179326
   15      554.6128564151086948
   16      772.8603644755497726
   17      815.8738034582978571
   18      929.2030013264868558
   19      947.5593416229625063
   20     1003.9089327043027424
   21     1032.9087436994630025
   22     1095.8876325702490249
   23     1133.4949957878332043
   24     1142.5695096591675792
   25     1160.8181037008439489
   26     1216.1548208262629487
   27     1363.3659271522662948
   28     1411.8438925480545549
   29     1426.2356761654043567
   30     1475.2006546495533712
   31     1483.9645945496524746
   32     1488.6105302638370631
   33     1500.4707317163481548
   34     1539.1336746968636362
   35     3053.4756689696851026
   36     3059.5646494021621038
   37     3124.9027879332679731
   38     3137.6163703623719812
   39     3146.3130777205642516
   40     3152.0643513507102398
   41     3169.3490000907463582

$normal_modes
42 42
                    0                  1                  2                  3                  4        
    0      0.0000000000E+00   0.0000000000E+00   0.0000000000E+00   0.0000000000E+00   0.0000000000E+00
    1      0.0000000000E+00   0.0000000000E+00   0.0000000000E+00   0.0000000000E+00   0.0000000000E+00
    2      0.0000000000E+00   0.0000000000E+00   0.0000000000E+00   0.0000000000E+00   0.0000000000E+00
    3      0.0000000000E+00   0.0000000000E+00   0.0000000000E+00   0.0000000000E+00   0.0000000000E+00
    4      0.0000000000E+00   0.0000000000E+00   0.0000000000E+00   0.0000000000E+00   0.0000000000E+00
