
$orca_hessian_file

$act_atom
  0

$act_coord
  0

$act_energy
     -691.913458

$multiplicity
  1

$hessian
42
                    0                  1                  2                  3                  4        
    0      5.5916214793E-01  -1.8402027128E-02   9.6096524516E-02  -2.2479066338E-01   1.3551854942E-02
    1     -1.8402027128E-02   6.5118150303E-01   7.2498123591E-02   1.1672348604E-02  -8.7549746181E-02
    2      9.6096524516E-02   7.2498123591E-02   2.6270686015E-01  -5.2277271899E-02   1.7502314528E-03
    3     -2.2479066338E-01   1.1672348604E-02  -5.2277271899E-02   5.1407971825E-01  -9.0337411801E-03
    4      1.3551854942E-02  -8.7549746181E-02   1.7502314528E-03  -9.0337411801E-03   5.8637023689E-01
    5     -3.5164457494E-02   8.1217814571E-03  -8.0220036862E-02  -2.4595833829E-02   4.6287318073E-03
    6     -1.2300592476E-01  -1.1820285022E-01  -5.3684973811E-02  -1.7258413630E-02  -2.1082944883E-02
    7     -1.2181209927E-01  -2.2521006042E-01  -3.6241261998E-02  -1.8402862564E-03   2.4944534314E-03
    8     -2.6953244683E-02   5.1122142113E-03   1.0229668556E-02  -7.0526869730E-03  -1.0992849477E-02
    9     -1.2364009107E-01   1.2545450171E-01  -4.5227996121E-04  -1.0446392096E-02   2.4591252700E-02
   10      1.2324844194E-01  -2.6373333823E-01  -7.2879059079E-03  -2.7719412269E-03   4.1430910070E-03
   11      8.2367005696E-04   2.9024474845E-03  -4.1660357467E-02  -4.7817882310E-03   1.0905474425E-02
   12     -4.5752122236E-02   7.9985122089E-03   6.9016799108E-03   6.1882115293E-03  -8.2221598769E-03
   13      3.4565844835E-03  -5.8690592284E-02  -3.3084193570E-02  -2.1065789115E-03  -1.8015175085E-03
   14     -2.1203396108E-02  -7.9230844797E-02  -1.4379832880E-01  -1.2524350687E-03  -5.4297013526E-03
   15      4.8740465628E-03  -1.3055805377E-02   4.2671741301E-03   1.4288510920E-03   3.9994317619E-04
   16      7.2607414926E-03  -1.1240553496E-02   4.1736305780E-03   9.1794943920E-04   1.1084788980E-03
   17      1.1066955941E-02  -1.2967711043E-02  -4.1456561109E-04   8.7802519720E-04   3.1743262321E-04
   18     -1.7451409479E-02   2.3299233077E-03   6.8237304700E-03   7.5263198940E-04   6.5415493926E-05
   19     -1.0376310447E-02  -1.7073864922E-03  -7.2374082012E-04  -2.9861544066E-04  -1.1977598563E-03
   20     -8.7742194846E-03   6.4374997308E-04   6.1456731373E-04  -8.2427871320E-05  -9.3490781167E-04
   21     -1.5161674115E-02   3.2271810119E-02   5.4468104610E-03  -9.1872193218E-02   9.6508830100E-02
   22      7.5577062941E-05  -1.2851862019E-04   2.1354481581E-04   1.0034912834E-01  -2.7419954472E-01
   23     -6.0485369088E-03   1.1886136520E-02  -9.3987784380E-04   1.2843288390E-02  -2.6416020723E-02
   24     -2.1783357398E-02  -2.5356841505E-02   1.5460535283E-02  -1.3013423991E-01  -9.9062084319E-02
   25      1.2388784953E-03   1.1519494577E-03  -1.5882147076E-03  -9.8162550868E-02  -1.6732920848E-01
   26     -9.6753473694E-03  -1.0587503423E-02   5.2313486093E-03   7.5200671159E-02   8.9002934524E-02
   27      4.0707810778E-03  -8.0770757001E-03  -2.9295979065E-02  -4.7796462032E-02   2.4915951443E-03
   28     -4.1001702380E-04  -1.9843664158E-03   5.6951615251E-04   1.9932214179E-03  -6.2057930324E-02
   29      2.3855039088E-03  -3.0357424883E-03  -1.0534648358E-02   1.5339136628E-03  -6.4108136415E-02
   30     -5.0729329601E-04   3.8148864066E-04  -1.4355434016E-04  -1.5844655731E-05   2.0447876330E-04
   31      4.2611975814E-03  -2.7195402126E-03  -1.6619811437E-04   4.5112111670E-04   6.5283404150E-05
   32     -1.5754604810E-04   3.0418810516E-03   5.6676762963E-05  -4.1992947532E-05   5.4213185823E-05
   33      1.6267019279E-04   4.9858182433E-04   9.0177920931E-04  -2.1588713244E-06   1.3989412319E-05
   34     -9.8229092143E-04   4.9529986745E-04   7.9037127743E-04   2.8490904492E-07  -8.2337792949E-05
   35      2.3923317915E-04   1.1071984680E-03  -4.1036064162E-04   2.9529614920E-05  -9.2128135811E-05
   36     -5.0714311860E-04   1.2814631783E-04  -1.5543723083E-04   3.5014332172E-04  -2.9860855788E-04
   37      1.5580132203E-04   1.9851512964E-03  -2.7502071917E-04   6.4245350414E-04  -1.0760200155E-03
   38      2.0087223575E-04  -1.6478806909E-04   5.4790916261E-04   7.1240374365E-04  -1.4877029525E-04
   39      4.3300330865E-03   1.5460439616E-03  -5.8876961445E-05  -4.8318838548E-04  -4.4659526434E-04
   40     -4.5308929296E-04  -1.8498013032E-03  -6.8019133192E-04  -1.4940190983E-03   1.1125212496E-03
   41     -2.6658724542E-03   7.2436636633E-04  -1.4088549720E-03  -5.4490426309E-04   1.2712942909E-03
                    5                  6                  7                  8                  9        
    0     -3.5164457494E-02  -1.2300592476E-01  -1.2181209927E-01  -2.6953244683E-02  -1.2364009107E-01
    1      8.1217814571E-03  -1.1820285022E-01  -2.2521006042E-01   5.1122142113E-03   1.2545450171E-01
    2     -8.0220036862E-02  -5.3684973811E-02  -3.6241261998E-02   1.0229668556E-02  -4.5227996121E-04
    3     -2.4595833829E-02  -1.7258413630E-02  -1.8402862564E-03  -7.0526869730E-03  -1.0446392096E-02
    4      4.6287318073E-03  -2.1082944883E-02   2.4944534314E-03  -1.0992849477E-02   2.4591252700E-02
    5      5.5175715394E-01   1.3592451067E-02  -4.9773503735E-03  -4.8761482012E-03   1.4064232401E-03
    6      1.3592451067E-02   3.2595271171E-01   1.1869504730E-01  -4.1793344878E-02   9.3167536697E-03
    7     -4.9773503735E-03   1.1869504730E-01   5.9816082089E-01  -9.5524120519E-02  -1.9457740345E-02
    8     -4.8761482012E-03  -4.1793344878E-02  -9.5524120519E-02   3.3582018136E-01  -6.5959515819E-04
    9      1.4064232401E-03   9.3167536697E-03  -1.9457740345E-02  -6.5959515819E-04   1.2762517779E-01
   10      3.1863952847E-04   9.1921258078E-03  -1.7752310127E-02  -4.2749244275E-03  -1.2581229118E-01
   11      3.7770556753E-03  -7.2844820552E-03   8.2815291160E-03  -7.5714318684E-03   2.6966432267E-03
   12     -4.1844905349E-02  -8.2923158188E-02  -2.7010830340E-02   9.7524537134E-02   7.0359553172E-04
   13     -9.5725656483E-03  -1.3861566816E-02  -7.7680633335E-02   5.7340374428E-02  -1.6265778356E-03
   14     -1.4348397398E-02   1.0698237578E-01   9.3390205687E-02  -2.2698564950E-01   2.4838968345E-04
   15      3.2769221189E-04  -6.3399644723E-02   2.5355165592E-02  -9.1727162778E-03  -1.2882778715E-03
   16      2.0536081286E-04   1.2399369174E-02  -2.1615580307E-01   3.5935777169E-02  -9.1502856855E-04
   17      1.2387402256E-03  -7.0437138803E-03   2.5919306376E-02  -8.3375348399E-02  -2.9312159610E-03
   18      3.8398661019E-04   3.6724625099E-02  -4.6729422655E-03  -1.4232850745E-02   1.0002674733E-03
   19      1.0003925227E-03  -9.1114432384E-03  -2.0436564177E-02   2.8545925740E-03  -7.2366348646E-04
   20      5.0087881058E-04  -1.6855258261E-02   2.9361710097E-03  -2.2761449538E-02   8.3736616217E-04
   21      1.0157375718E-02   7.5940128067E-04   1.4812103301E-03   1.3326013005E-03  -5.0828729627E-03
   22     -2.5739583816E-02  -1.9319888323E-04   2.3674458363E-04  -5.4708323837E-05  -3.3596888876E-04
   23     -4.9490014470E-02   9.3069664472E-05  -6.3588793824E-04   1.8972290946E-03  -2.3464957109E-03
   24      7.4377401647E-02  -4.7115780530E-03   3.4645669171E-03   3.7345269402E-04   1.0267876753E-03
   25      8.9703470108E-02  -5.0907763067E-05   7.0665936274E-04   3.7383047010E-04  -6.4875446341E-04
   26     -1.1147528557E-01  -3.8362661767E-03  -5.5189630548E-04  -3.0059524189E-05   1.1900450534E-03
   27      1.4517487971E-03   2.4587813574E-03  -9.4597203884E-05  -1.9049335219E-03   5.2271280167E-04
   28     -6.3762000593E-02   3.6494987266E-04   3.3271409534E-04  -3.3785551910E-04  -2.3365645751E-04
   29     -2.9678465398E-01   2.7405816160E-04   3.2176832295E-04  -1.2697875370E-03  -3.6726436608E-04
   30      4.8908599337E-05   1.6571769783E-03   3.8386892635E-03   3.7961900421E-03   2.4130463930E-05
   31      4.6324882470E-04  -1.5339480335E-02  -2.6396005699E-02  -2.2752534798E-02  -9.7611066273E-04
   32      2.2803852335E-04   5.8867331771E-03   7.0172996884E-03   8.3713494361E-03   7.0895768384E-05
   33      5.1155708492E-04  -6.9384576570E-04   2.3019911062E-04  -5.1162059359E-03   1.2261081227E-05
   34     -5.6183353435E-05  -1.5298434986E-02  -1.8928981986E-03   3.0118975379E-02   7.0082366475E-05
   35     -2.3024241284E-04   3.4469893986E-03   6.3366182528E-04  -8.9165524969E-03   1.0874871997E-04
   36      7.5359888313E-04  -5.2714593779E-03   3.2188067246E-03   8.7296134323E-05   2.2281907256E-05
   37      4.1067763494E-04   3.2304694443E-02  -1.2445922745E-02   3.4985318414E-03  -1.5854432579E-04
   38     -2.1071331471E-04  -9.5413246406E-03   3.2327044218E-03  -2.5643746717E-03  -3.9431674170E-05
   39     -1.9744378718E-03  -7.9605425598E-02   1.8704312298E-02   3.2832305300E-03   2.0366560338E-04
   40     -5.5241701048E-04   2.0085138669E-02  -3.9611945947E-03  -2.0640543722E-03   6.8886494558E-04
   41      1.3362503878E-04   1.0251956792E-02  -3.0353779500E-03   2.0323732889E-03  -1.1499941585E-03
                   10                 11                 12                 13                 14        
    0      1.2324844194E-01   8.2367005696E-04  -4.5752122236E-02   3.4565844835E-03  -2.1203396108E-02
    1     -2.6373333823E-01   2.9024474845E-03   7.9985122089E-03  -5.8690592284E-02  -7.9230844797E-02
    2     -7.2879059079E-03  -4.1660357467E-02   6.9016799108E-03  -3.3084193570E-02  -1.4379832880E-01
    3     -2.7719412269E-03  -4.7817882310E-03   6.1882115293E-03  -2.1065789115E-03  -1.2524350687E-03
    4      4.1430910070E-03   1.0905474425E-02  -8.2221598769E-03  -1.8015175085E-03  -5.4297013526E-03
    5      3.1863952847E-04   3.7770556753E-03  -4.1844905349E-02  -9.5725656483E-03  -1.4348397398E-02
    6      9.1921258078E-03  -7.2844820552E-03  -8.2923158188E-02  -1.3861566816E-02   1.0698237578E-01
    7     -1.7752310127E-02   8.2815291160E-03  -2.7010830340E-02  -7.7680633335E-02   9.3390205687E-02
    8     -4.2749244275E-03  -7.5714318684E-03   9.7524537134E-02   5.7340374428E-02  -2.2698564950E-01
    9     -1.2581229118E-01   2.6966432267E-03   7.0359553172E-04  -1.6265778356E-03   2.4838968345E-04
   10      2.8179723671E-01   1.5683251184E-02  -3.7169108454E-03  -5.1532981388E-03  -3.5131217384E-03
   11      1.5683251184E-02   4.9742135397E-02   9.8524653808E-03  -3.7910134796E-02  -6.5108673510E-03
   12     -3.7169108454E-03   9.8524653808E-03   1.3470628320E-01   4.2029034048E-02  -9.4176254787E-02
   13     -5.1532981388E-03  -3.7910134796E-02   4.2029034048E-02   1.4539308254E-01  -1.7629969713E-02
   14     -3.5131217384E-03  -6.5108673510E-03  -9.4176254787E-02  -1.7629969713E-02   4.0085122175E-01
   15     -1.0522171776E-03   1.1699747246E-03   2.8425124451E-04  -1.4617036815E-02   7.5077467612E-03
   16     -3.9987769639E-04   8.5213873625E-04  -3.5790083994E-03  -3.6467316496E-03   8.4636201190E-03
   17     -1.9320699920E-03   2.5225391508E-03  -6.8542088834E-04   3.8938570567E-02  -8.4552337723E-03
   18      1.2707007404E-03  -3.4486384171E-04  -1.3136346238E-02  -8.9965353555E-03   7.2847445089E-03
   19     -6.2195260729E-04  -4.3254749301E-04  -3.6708063907E-03   1.5312155438E-03   9.8031505419E-04
   20      3.6335674180E-04  -1.2784932556E-04   2.2045444274E-02   3.9734817023E-04  -7.8408438731E-03
   21     -1.0902815384E-03  -2.8762685534E-03   2.8926748179E-03  -1.1728683955E-03   2.1408632080E-04
   22      1.0341585205E-03  -1.7837591411E-06  -2.1587261746E-04   7.7765005955E-04   7.9112076229E-04
   23     -2.9209028838E-04  -1.9979418489E-04   1.2689299077E-03   1.1466341256E-03   2.6157538743E-04
   24      4.6916988327E-04   2.1154329512E-05   3.7544641812E-03   5.0380725139E-04  -1.9398092082E-03
   25      2.2141052694E-04  -1.9348478538E-04  -7.2601564172E-04  -3.3386997720E-04  -2.5357142368E-04
   26     -4.7583966006E-05   6.6879502220E-05   2.6513284848E-03   1.2548039928E-03   1.1361353999E-03
   27      1.0876083872E-03   1.3005912428E-03  -8.6460217435E-03  -1.9133210917E-03  -3.1226074888E-03
   28     -3.8482396805E-06  -7.4112425699E-05  -1.2741202736E-03   8.0964115208E-04   7.7659678629E-04
   29      4.4622652697E-04   5.2921054250E-04  -3.5138677674E-03   5.6388218218E-04   1.7332545054E-03
   30      4.1647486962E-04   8.7476947213E-05  -5.3905774146E-04  -5.3145548431E-04  -1.8791743946E-04
   31     -6.5806528235E-04   8.0908364973E-04   5.6416057705E-04   4.1861719483E-03   2.2027680067E-03
   32      5.9681624285E-04  -5.5849266659E-04   6.4589892537E-05  -2.7441259997E-03   7.2941306673E-04
   33     -1.8713578870E-05   7.4776211983E-05   1.4705610492E-03   6.7869050646E-04  -1.0665301598E-03
   34      7.9521437118E-05  -2.2796158517E-04   5.5711448586E-04  -7.7487846380E-03   1.2083126657E-03
   35      1.3771203928E-04   1.0861068650E-04  -5.3096198352E-04   9.8325062624E-04   1.7667165874E-03
   36      3.2127869068E-05   2.9001775510E-05   1.1789763680E-03  -1.7631891817E-04  -8.4325920742E-04
   37      6.5991807051E-05  -3.1931934578E-04  -1.5782506370E-03   1.8036603078E-03  -9.3188379385E-04
   38     -5.8270942294E-05   2.1160142006E-04   2.5835461472E-04  -9.9321216929E-04   2.2148980808E-04
   39     -1.1706594654E-03   6.1941392108E-04  -1.8231177372E-04  -1.6632280235E-03   2.1210487828E-03
   40      9.8128031110E-04  -1.6029208546E-04  -1.1574749397E-03   5.5400598171E-04   9.3127011374E-05
   41     -2.5432332120E-04  -3.2923951050E-04  -3.8210119336E-04   3.9236453103E-04   1.2395141851E-03
                   15                 16                 17                 18                 19        
    0      4.8740465628E-03   7.2607414926E-03   1.1066955941E-02  -1.7451409479E-02  -1.0376310447E-02
    1     -1.3055805377E-02  -1.1240553496E-02  -1.2967711043E-02   2.3299233077E-03  -1.7073864922E-03
    2      4.2671741301E-03   4.1736305780E-03  -4.1456561109E-04   6.8237304700E-03  -7.2374082012E-04
    3      1.4288510920E-03   9.1794943920E-04   8.7802519720E-04   7.5263198940E-04  -2.9861544066E-04
    4      3.9994317619E-04   1.1084788980E-03   3.1743262321E-04   6.5415493926E-05  -1.1977598563E-03
    5      3.2769221189E-04   2.0536081286E-04   1.2387402256E-03   3.8398661019E-04   1.0003925227E-03
    6     -6.3399644723E-02   1.2399369174E-02  -7.0437138803E-03   3.6724625099E-02  -9.1114432384E-03
    7      2.5355165592E-02  -2.1615580307E-01   2.5919306376E-02  -4.6729422655E-03  -2.0436564177E-02
    8     -9.1727162778E-03   3.5935777169E-02  -8.3375348399E-02  -1.4232850745E-02   2.8545925740E-03
    9     -1.2882778715E-03  -9.1502856855E-04  -2.9312159610E-03   1.0002674733E-03  -7.2366348646E-04
   10     -1.0522171776E-03  -3.9987769639E-04  -1.9320699920E-03   1.2707007404E-03  -6.2195260729E-04
   11      1.1699747246E-03   8.5213873625E-04   2.5225391508E-03  -3.4486384171E-04  -4.3254749301E-04
   12      2.8425124451E-04  -3.5790083994E-03  -6.8542088834E-04  -1.3136346238E-02  -3.6708063907E-03
   13     -1.4617036815E-02  -3.6467316496E-03   3.8938570567E-02  -8.9965353555E-03   1.5312155438E-03
   14      7.5077467612E-03   8.4636201190E-03  -8.4552337723E-03   7.2847445089E-03   9.8031505419E-04
   15      5.6482576911E-01   1.0738823469E-02  -1.0827868319E-02  -1.3738384682E-02   1.7961819340E-02
   16      1.0738823469E-02   4.8949919300E-01   2.1337362507E-02   4.6182749738E-03  -8.7323883032E-03
   17     -1.0827868319E-02   2.1337362507E-02   5.7001213098E-01  -2.0135902301E-03   1.8805957039E-03
   18     -1.3738384682E-02   4.6182749738E-03  -2.0135902301E-03   9.4401036569E-03   6.7771591271E-03
   19      1.7961819340E-02  -8.7323883032E-03   1.8805957039E-03   6.7771591271E-03   3.8057847579E-02
   20     -3.0707737223E-03   1.5047898558E-03   2.1433590221E-03   3.0452420651E-03  -6.1051114118E-03
   21     -6.1477925121E-04  -2.2531715313E-04  -5.8905812558E-05   6.3584279379E-05   1.2181465334E-04
   22      1.5582173561E-05  -2.8639582777E-05   2.4963692619E-04  -1.9898360645E-04   1.3308240689E-05
   23     -1.1660168694E-05  -4.9227046389E-04  -4.8720979331E-04   1.1380422531E-04   9.8595489577E-05
   24     -1.4180529169E-04   3.1692985157E-04  -3.5462123872E-04  -3.7505276660E-05  -5.0460232967E-04
   25     -1.9797074652E-05  -1.3460162091E-04  -1.4244950866E-04   3.3079737791E-04  -3.1800016975E-04
   26     -1.7127840974E-04   2.3917790206E-04  -1.8277298759E-04  -3.9536306232E-05  -1.3117897988E-04
   27     -4.4041500371E-04  -1.2425790519E-06   5.4584922431E-04   6.1343465981E-06   7.4842421866E-05
   28      4.3345077550E-04  -1.1785147579E-04   5.6048587311E-05  -1.8409748290E-05   4.2798488175E-05
   29     -4.8818197302E-04  -1.7005450364E-04   3.8912074749E-05  -6.5011308869E-05  -2.6835471280E-06
   30     -9.4614852364E-02  -6.9317412697E-02  -7.8966032539E-02   4.6985685208E-04  -5.8193131291E-06
   31     -6.8288223675E-02  -1.4146110785E-01  -1.1026120816E-01  -7.7858902381E-04   5.3501837187E-04
   32     -7.9214303836E-02  -1.1126160450E-01  -1.7484068414E-01   2.7392651486E-04  -3.3131414982E-04
   33     -1.0303010889E-01  -1.7052439738E-02   1.1035184533E-01   6.7040709982E-04   3.3423876244E-05
   34     -1.5478299471E-02  -5.2718051601E-02   3.1374183945E-02  -4.3965026738E-04   6.0108640695E-04
   35      1.0894934268E-01   3.3890252203E-02  -2.6049479846E-01  -1.6165673133E-04  -2.3049013156E-04
   36     -2.9721656872E-01   5.5889629580E-02  -1.9965516718E-02   1.9245352125E-03   3.9642595172E-04
   37      5.7860380043E-02  -5.7087914304E-02   4.8747682601E-03   7.8790097613E-04  -2.6949352430E-03
   38     -1.9461929678E-02   4.7469234692E-03  -4.7983358371E-02   2.2706943474E-04   7.3526434223E-04
   39      3.0719187912E-03  -1.2600280778E-03  -1.8780831762E-04  -6.6885003333E-03  -9.2358243099E-04
   40     -4.5025745768E-05   1.1158487546E-03   4.8724722701E-04  -8.2570402333E-04  -5.0722877815E-03
   41      3.8880008862E-04   4.4318209595E-04   2.7829007771E-04  -7.2731634780E-04   5.5050794203E-04
                   20                 21                 22                 23                 24        
    0     -8.7742194846E-03  -1.5161674115E-02   7.5577062941E-05  -6.0485369088E-03  -2.1783357398E-02
    1      6.4374997308E-04   3.2271810119E-02  -1.2851862019E-04   1.1886136520E-02  -2.5356841505E-02
    2      6.1456731373E-04   5.4468104610E-03   2.1354481581E-04  -9.3987784380E-04   1.5460535283E-02
    3     -8.2427871320E-05  -9.1872193218E-02   1.0034912834E-01   1.2843288390E-02  -1.3013423991E-01
    4     -9.3490781167E-04   9.6508830100E-02  -2.7419954472E-01  -2.6416020723E-02  -9.9062084319E-02
    5      5.0087881058E-04   1.0157375718E-02  -2.5739583816E-02  -4.9490014470E-02   7.4377401647E-02
    6     -1.6855258261E-02   7.5940128067E-04  -1.9319888323E-04   9.3069664472E-05  -4.7115780530E-03
    7      2.9361710097E-03   1.4812103301E-03   2.3674458363E-04  -6.3588793824E-04   3.4645669171E-03
    8     -2.2761449538E-02   1.3326013005E-03  -5.4708323837E-05   1.8972290946E-03   3.7345269402E-04
    9      8.3736616217E-04  -5.0828729627E-03  -3.3596888876E-04  -2.3464957109E-03   1.0267876753E-03
   10      3.6335674180E-04  -1.0902815384E-03   1.0341585205E-03  -2.9209028838E-04   4.6916988327E-04
   11     -1.2784932556E-04  -2.8762685534E-03  -1.7837591411E-06  -1.9979418489E-04   2.1154329512E-05
   12      2.2045444274E-02   2.8926748179E-03  -2.1587261746E-04   1.2689299077E-03   3.7544641812E-03
   13      3.9734817023E-04  -1.1728683955E-03   7.7765005955E-04   1.1466341256E-03   5.0380725139E-04
   14     -7.8408438731E-03   2.1408632080E-04   7.9112076229E-04   2.6157538743E-04  -1.9398092082E-03
   15     -3.0707737223E-03  -6.1477925121E-04   1.5582173561E-05  -1.1660168694E-05  -1.4180529169E-04
   16      1.5047898558E-03  -2.2531715313E-04  -2.8639582777E-05  -4.9227046389E-04   3.1692985157E-04
   17      2.1433590221E-03  -5.8905812558E-05   2.4963692619E-04  -4.8720979331E-04  -3.5462123872E-04
   18      3.0452420651E-03   6.3584279379E-05  -1.9898360645E-04   1.1380422531E-04  -3.7505276660E-05
   19     -6.1051114118E-03   1.2181465334E-04   1.3308240689E-05   9.8595489577E-05  -5.0460232967E-04
   20      3.3364221034E-02   1.2191123215E-04   2.9184277677E-05   3.1451831399E-05  -4.0266237922E-04
   21      1.2191123215E-04   1.0120791429E-01  -1.0868634565E-01  -1.1549786443E-02   7.6525454762E-03
   22      2.9184277677E-05  -1.0868634565E-01   2.9569798174E-01   2.7686586938E-02   9.3158443811E-03
   23      3.1451831399E-05  -1.1549786443E-02   2.7686586938E-02   4.8099576804E-02  -7.7199751799E-03
   24     -4.0266237922E-04   7.6525454762E-03   9.3158443811E-03  -7.7199751799E-03   1.4386649240E-01
   25     -1.2207943383E-04  -1.6739061096E-02  -1.7808396141E-02   1.4945020526E-02   1.0956342230E-01
   26     -2.6914472006E-05  -3.1400046790E-03  -3.5099053991E-03   1.4830999421E-03  -7.9304186589E-02
   27      5.6466227968E-05  -9.2136642239E-04   1.8118840374E-03   1.3410838006E-02  -2.0188262032E-04
   28      1.9883355541E-05  -1.6893808891E-03  -5.5708007464E-03  -2.9065400739E-02   1.2316035859E-03
   29     -7.6405058940E-05   2.1900478730E-04   3.8048318729E-04  -1.1942284581E-03  -8.3126623397E-04
   30      5.0840860433E-04   4.3105862645E-04   3.2912025883E-04   1.9720356252E-05   2.4958576344E-04
   31      1.5889948399E-04  -1.3561202711E-04   1.4845892617E-04   3.2510751473E-05  -3.9549597647E-04
   32     -1.7435198701E-04   2.2566260668E-04   2.2373942746E-04   2.8949862046E-05  -2.7770664612E-04
   33     -2.9956491051E-04   9.2841129433E-05  -1.0203014809E-04   1.5670048319E-04  -4.1824302689E-05
   34     -2.1344521742E-04   7.6345569936E-05  -6.4317068004E-05   3.7904503600E-05  -1.7842586422E-05
   35     -3.4394045813E-06   1.3859557836E-04   1.0088777473E-04  -9.0097734096E-05   1.1847328777E-04
   36     -4.9521061583E-04  -1.8278841347E-04  -1.0746154550E-03  -3.3150913889E-04   2.6807590786E-04
   37      1.0266955025E-03  -1.2061473242E-03  -2.9715476176E-04   2.7545873694E-04  -6.8156698249E-05
   38      3.3804866899E-04   4.6164724099E-04  -1.5925350216E-05   2.5372685674E-04   3.5875480263E-04
   39      2.7976003611E-03   7.3565448766E-04  -6.5806885782E-04  -2.4078730514E-04   2.3424145077E-04
   40      1.5226840902E-04   5.2951150250E-05   1.8906957454E-04   5.4198256013E-04  -2.0654956855E-04
   41     -5.9812730216E-03  -3.5032993630E-04  -1.0243746035E-04   3.4561270539E-04   4.2685456302E-05
                   25                 26                 27                 28                 29        
    0      1.2388784953E-03  -9.6753473694E-03   4.0707810778E-03  -4.1001702380E-04   2.3855039088E-03
    1      1.1519494577E-03  -1.0587503423E-02  -8.0770757001E-03  -1.9843664158E-03  -3.0357424883E-03
    2     -1.5882147076E-03   5.2313486093E-03  -2.9295979065E-02   5.6951615251E-04  -1.0534648358E-02
    3     -9.8162550868E-02   7.5200671159E-02  -4.7796462032E-02   1.9932214179E-03   1.5339136628E-03
    4     -1.6732920848E-01   8.9002934524E-02   2.4915951443E-03  -6.2057930324E-02  -6.4108136415E-02
    5      8.9703470108E-02  -1.1147528557E-01   1.4517487971E-03  -6.3762000593E-02  -2.9678465398E-01
    6     -5.0907763067E-05  -3.8362661767E-03   2.4587813574E-03   3.6494987266E-04   2.7405816160E-04
    7      7.0665936274E-04  -5.5189630548E-04  -9.4597203884E-05   3.3271409534E-04   3.2176832295E-04
    8      3.7383047010E-04  -3.0059524189E-05  -1.9049335219E-03  -3.3785551910E-04  -1.2697875370E-03
    9     -6.4875446341E-04   1.1900450534E-03   5.2271280167E-04  -2.3365645751E-04  -3.6726436608E-04
   10      2.2141052694E-04  -4.7583966006E-05   1.0876083872E-03  -3.8482396805E-06   4.4622652697E-04
   11     -1.9348478538E-04   6.6879502220E-05   1.3005912428E-03  -7.4112425699E-05   5.2921054250E-04
   12     -7.2601564172E-04   2.6513284848E-03  -8.6460217435E-03  -1.2741202736E-03  -3.5138677674E-03
   13     -3.3386997720E-04   1.2548039928E-03  -1.9133210917E-03   8.0964115208E-04   5.6388218218E-04
   14     -2.5357142368E-04   1.1361353999E-03  -3.1226074888E-03   7.7659678629E-04   1.7332545054E-03
   15     -1.9797074652E-05  -1.7127840974E-04  -4.4041500371E-04   4.3345077550E-04  -4.8818197302E-04
   16     -1.3460162091E-04   2.3917790206E-04  -1.2425790519E-06  -1.1785147579E-04  -1.7005450364E-04
   17     -1.4244950866E-04  -1.8277298759E-04   5.4584922431E-04   5.6048587311E-05   3.8912074749E-05
   18      3.3079737791E-04  -3.9536306232E-05   6.1343465981E-06  -1.8409748290E-05  -6.5011308869E-05
   19     -3.1800016975E-04  -1.3117897988E-04   7.4842421866E-05   4.2798488175E-05  -2.6835471280E-06
   20     -1.2207943383E-04  -2.6914472006E-05   5.6466227968E-05   1.9883355541E-05  -7.6405058940E-05
   21     -1.6739061096E-02  -3.1400046790E-03  -9.2136642239E-04  -1.6893808891E-03   2.1900478730E-04
   22     -1.7808396141E-02  -3.5099053991E-03   1.8118840374E-03  -5.5708007464E-03   3.8048318729E-04
   23      1.4945020526E-02   1.4830999421E-03   1.3410838006E-02  -2.9065400739E-02  -1.1942284581E-03
   24      1.0956342230E-01  -7.9304186589E-02  -2.0188262032E-04   1.2316035859E-03  -8.3126623397E-04
   25      1.7817689973E-01  -9.7480927416E-02   5.7667182634E-03   5.8701844417E-03  -4.8365538808E-03
   26     -9.7480927416E-02   1.1721072200E-01   1.7909265562E-02   2.2051988083E-02  -1.4415796065E-02
   27      5.7667182634E-03   1.7909265562E-02   5.0237380045E-02  -5.5134671534E-05   5.4029713790E-04
   28      5.8701844417E-03   2.2051988083E-02  -5.5134671534E-05   6.2961149275E-02   7.0706039945E-02
   29     -4.8365538808E-03  -1.4415796065E-02   5.4029713790E-04   7.0706039945E-02   3.2175636360E-01
   30      7.6666922851E-05   2.0945587759E-04  -8.2014468540E-06  -1.8166532666E-04  -1.7221972702E-05
   31     -2.7212908448E-05  -3.6418807698E-05   2.4033596487E-05  -9.3144196334E-06  -5.3332829070E-05
   32     -1.5098797868E-04   2.8117760418E-04  -1.2845097262E-05  -1.7041714928E-04   1.0877352129E-04
   33     -2.5868643484E-05  -1.2486361695E-04  -3.4087016404E-04  -1.5675996424E-04  -8.9252910821E-05
   34      3.7175482992E-05  -5.0679733172E-05  -3.3632338799E-04  -7.6742728539E-05  -1.1046622659E-04
   35     -7.8619316497E-05  -3.2485273316E-05   1.7664986225E-04  -1.8776827858E-04   2.7982916073E-05
   36     -2.0081120414E-04  -5.4405000740E-06   4.4976940507E-04  -1.0603725995E-04   9.8714292746E-05
   37      6.1027335108E-04  -2.6484908555E-05  -1.4105786987E-04  -2.2331670130E-04  -2.5620047892E-05
   38     -5.8461759753E-05   6.0379821715E-05   2.8300471423E-04  -5.1986225163E-04  -1.0138969248E-04
   39      3.4351220117E-04  -7.8607251556E-04   6.0966039912E-04   2.2184396055E-04  -7.9406925592E-04
   40     -8.2326305197E-04  -6.5395601729E-04  -7.5781734435E-04   2.7683598951E-05  -7.7956389900E-04
   41      4.1065956089E-04   6.9357101489E-04  -2.2370176396E-04   6.4109771950E-04   1.8241198609E-04
                   30                 31                 32                 33                 34        
    0     -5.0729329601E-04   4.2611975814E-03  -1.5754604810E-04   1.6267019279E-04  -9.8229092143E-04
    1      3.8148864066E-04  -2.7195402126E-03   3.0418810516E-03   4.9858182433E-04   4.9529986745E-04
    2     -1.4355434016E-04  -1.6619811437E-04   5.6676762963E-05   9.0177920931E-04   7.9037127743E-04
    3     -1.5844655731E-05   4.5112111670E-04  -4.1992947532E-05  -2.1588713244E-06   2.8490904492E-07
    4      2.0447876330E-04   6.5283404150E-05   5.4213185823E-05   1.3989412319E-05  -8.2337792949E-05
    5      4.8908599337E-05   4.6324882470E-04   2.2803852335E-04   5.1155708492E-04  -5.6183353435E-05
    6      1.6571769783E-03  -1.5339480335E-02   5.8867331771E-03  -6.9384576570E-04  -1.5298434986E-02
    7      3.8386892635E-03  -2.6396005699E-02   7.0172996884E-03   2.3019911062E-04  -1.8928981986E-03
    8      3.7961900421E-03  -2.2752534798E-02   8.3713494361E-03  -5.1162059359E-03   3.0118975379E-02
    9      2.4130463930E-05  -9.7611066273E-04   7.0895768384E-05   1.2261081227E-05   7.0082366475E-05
   10      4.1647486962E-04  -6.5806528235E-04   5.9681624285E-04  -1.8713578870E-05   7.9521437118E-05
   11      8.7476947213E-05   8.0908364973E-04  -5.5849266659E-04   7.4776211983E-05  -2.2796158517E-04
   12     -5.3905774146E-04   5.6416057705E-04   6.4589892537E-05   1.4705610492E-03   5.5711448586E-04
   13     -5.3145548431E-04   4.1861719483E-03  -2.7441259997E-03   6.7869050646E-04  -7.7487846380E-03
   14     -1.8791743946E-04   2.2027680067E-03   7.2941306673E-04  -1.0665301598E-03   1.2083126657E-03
   15     -9.4614852364E-02  -6.8288223675E-02  -7.9214303836E-02  -1.0303010889E-01  -1.5478299471E-02
   16     -6.9317412697E-02  -1.4146110785E-01  -1.1126160450E-01  -1.7052439738E-02  -5.2718051601E-02
   17     -7.8966032539E-02  -1.1026120816E-01  -1.7484068414E-01   1.1035184533E-01   3.1374183945E-02
   18      4.6985685208E-04  -7.7858902381E-04   2.7392651486E-04   6.7040709982E-04  -4.3965026738E-04
   19     -5.8193131291E-06   5.3501837187E-04  -3.3131414982E-04   3.3423876244E-05   6.0108640695E-04
   20      5.0840860433E-04   1.5889948399E-04  -1.7435198701E-04  -2.9956491051E-04  -2.1344521742E-04
   21      4.3105862645E-04  -1.3561202711E-04   2.2566260668E-04   9.2841129433E-05   7.6345569936E-05
   22      3.2912025883E-04   1.4845892617E-04   2.2373942746E-04  -1.0203014809E-04  -6.4317068004E-05
   23      1.9720356252E-05   3.2510751473E-05   2.8949862046E-05   1.5670048319E-04   3.7904503600E-05
   24      2.4958576344E-04  -3.9549597647E-04  -2.7770664612E-04  -4.1824302689E-05  -1.7842586422E-05
   25      7.6666922851E-05  -2.7212908448E-05  -1.5098797868E-04  -2.5868643484E-05   3.7175482992E-05
   26      2.0945587759E-04  -3.6418807698E-05   2.8117760418E-04  -1.2486361695E-04  -5.0679733172E-05
   27     -8.2014468540E-06   2.4033596487E-05  -1.2845097262E-05  -3.4087016404E-04  -3.3632338799E-04
   28     -1.8166532666E-04  -9.3144196334E-06  -1.7041714928E-04  -1.5675996424E-04  -7.6742728539E-05
   29     -1.7221972702E-05  -5.3332829070E-05   1.0877352129E-04  -8.9252910821E-05  -1.1046622659E-04
   30      9.9592618406E-02   7.4085621321E-02   8.6396210828E-02   6.0615042562E-03   1.0781818653E-02
   31      7.4085621321E-02   1.5782030396E-01   1.2018751479E-01   2.9968080501E-03   3.5810709671E-03
   32      8.6396210828E-02   1.2018751479E-01   1.8517503829E-01  -1.3084542030E-02  -1.6907746048E-02
   33      6.0615042562E-03   2.9968080501E-03  -1.3084542030E-02   1.0755069894E-01   1.8998721317E-02
   34      1.0781818653E-02   3.5810709671E-03  -1.6907746048E-02   1.8998721317E-02   5.7410272678E-02
   35      1.0511046968E-02   4.0213062074E-03  -1.7490411100E-02  -1.1975967701E-01  -3.8395339512E-02
   36     -1.2141335858E-02   3.1500245528E-03   3.0909825337E-04  -1.1795180357E-02   2.3755099909E-03
   37     -1.9324071329E-02   4.9058585279E-03   9.0647828768E-05  -5.2181008052E-03   2.8598486641E-04
   38     -2.1442137929E-02   6.0712135902E-03  -1.5731504255E-03   2.7680546393E-02  -7.2156130963E-03
   39     -6.5934598405E-04   3.0759738850E-04  -5.1216929504E-04  -1.1695539538E-04  -1.1369589487E-04
   40     -6.8098702614E-04   2.9080265217E-05   1.0856054926E-04  -1.0698409969E-03   9.2720321400E-05
   41     -7.4656514359E-04  -4.3132953018E-04  -3.4232674556E-04  -3.3664766374E-04  -7.8984993675E-04
                   35                 36                 37                 38                 39        
    0      2.3923317915E-04  -5.0714311860E-04   1.5580132203E-04   2.0087223575E-04   4.3300330865E-03
    1      1.1071984680E-03   1.2814631783E-04   1.9851512964E-03  -1.6478806909E-04   1.5460439616E-03
    2     -4.1036064162E-04  -1.5543723083E-04  -2.7502071917E-04   5.4790916261E-04  -5.8876961445E-05
    3      2.9529614920E-05   3.5014332172E-04   6.4245350414E-04   7.1240374365E-04  -4.8318838548E-04
    4     -9.2128135811E-05  -2.9860855788E-04  -1.0760200155E-03  -1.4877029525E-04  -4.4659526434E-04
    5     -2.3024241284E-04   7.5359888313E-04   4.1067763494E-04  -2.1071331471E-04  -1.9744378718E-03
    6      3.4469893986E-03  -5.2714593779E-03   3.2304694443E-02  -9.5413246406E-03  -7.9605425598E-02
    7      6.3366182528E-04   3.2188067246E-03  -1.2445922745E-02   3.2327044218E-03   1.8704312298E-02
    8     -8.9165524969E-03   8.7296134323E-05   3.4985318414E-03  -2.5643746717E-03   3.2832305300E-03
    9      1.0874871997E-04   2.2281907256E-05  -1.5854432579E-04  -3.9431674170E-05   2.0366560338E-04
   10      1.3771203928E-04   3.2127869068E-05   6.5991807051E-05  -5.8270942294E-05  -1.1706594654E-03
   11      1.0861068650E-04   2.9001775510E-05  -3.1931934578E-04   2.1160142006E-04   6.1941392108E-04
   12     -5.3096198352E-04   1.1789763680E-03  -1.5782506370E-03   2.5835461472E-04  -1.8231177372E-04
   13      9.8325062624E-04  -1.7631891817E-04   1.8036603078E-03  -9.9321216929E-04  -1.6632280235E-03
   14      1.7667165874E-03  -8.4325920742E-04  -9.3188379385E-04   2.2148980808E-04   2.1210487828E-03
   15      1.0894934268E-01  -2.9721656872E-01   5.7860380043E-02  -1.9461929678E-02   3.0719187912E-03
   16      3.3890252203E-02   5.5889629580E-02  -5.7087914304E-02   4.7469234692E-03  -1.2600280778E-03
   17     -2.6049479846E-01  -1.9965516718E-02   4.8747682601E-03  -4.7983358371E-02  -1.8780831762E-04
   18     -1.6165673133E-04   1.9245352125E-03   7.8790097613E-04   2.2706943474E-04  -6.6885003333E-03
   19     -2.3049013156E-04   3.9642595172E-04  -2.6949352430E-03   7.3526434223E-04  -9.2358243099E-04
   20     -3.4394045813E-06  -4.9521061583E-04   1.0266955025E-03   3.3804866899E-04   2.7976003611E-03
   21      1.3859557836E-04  -1.8278841347E-04  -1.2061473242E-03   4.6164724099E-04   7.3565448766E-04
   22      1.0088777473E-04  -1.0746154550E-03  -2.9715476176E-04  -1.5925350216E-05  -6.5806885782E-04
   23     -9.0097734096E-05  -3.3150913889E-04   2.7545873694E-04   2.5372685674E-04  -2.4078730514E-04
   24      1.1847328777E-04   2.6807590786E-04  -6.8156698249E-05   3.5875480263E-04   2.3424145077E-04
   25     -7.8619316497E-05  -2.0081120414E-04   6.1027335108E-04  -5.8461759753E-05   3.4351220117E-04
   26     -3.2485273316E-05  -5.4405000740E-06  -2.6484908555E-05   6.0379821715E-05  -7.8607251556E-04
   27      1.7664986225E-04   4.4976940507E-04  -1.4105786987E-04   2.8300471423E-04   6.0966039912E-04
   28     -1.8776827858E-04  -1.0603725995E-04  -2.2331670130E-04  -5.1986225163E-04   2.2184396055E-04
   29      2.7982916073E-05   9.8714292746E-05  -2.5620047892E-05  -1.0138969248E-04  -7.9406925592E-04
   30      1.0511046968E-02  -1.2141335858E-02  -1.9324071329E-02  -2.1442137929E-02  -6.5934598405E-04
   31      4.0213062074E-03   3.1500245528E-03   4.9058585279E-03   6.0712135902E-03   3.0759738850E-04
   32     -1.7490411100E-02   3.0909825337E-04   9.0647828768E-05  -1.5731504255E-03  -5.1216929504E-04
   33     -1.1975967701E-01  -1.1795180357E-02  -5.2181008052E-03   2.7680546393E-02  -1.1695539538E-04
   34     -3.8395339512E-02   2.3755099909E-03   2.8598486641E-04  -7.2156130963E-03  -1.1369589487E-04
   35      2.8037262932E-01  -2.7833952857E-03  -1.5137378083E-03   4.0763829275E-03  -2.8283874451E-04
   36     -2.7833952857E-03   3.2346969957E-01  -6.4233907734E-02   2.2092696313E-02  -5.4900584313E-04
   37     -1.5137378083E-03  -6.4233907734E-02   6.3876141756E-02  -6.1353507524E-03   6.1899531214E-04
   38      4.0763829275E-03   2.2092696313E-02  -6.1353507524E-03   4.6614574707E-02  -8.4116484435E-04
   39     -2.8283874451E-04  -5.4900584313E-04   6.1899531214E-04  -8.4116484435E-04   7.9099559494E-02
   40      6.1350977117E-05   4.5763926449E-04   2.9220185822E-04   2.1810771563E-04  -1.5050266550E-02
   41      1.3160650813E-03   2.6000231720E-04  -6.4332128154E-04   1.0887310300E-04  -3.4795401066E-03
                   40                 41        
     0     -4.5308929296E-04  -2.6658724542E-03
     1     -1.8498013032E-03   7.2436636633E-04
     2     -6.8019133192E-04  -1.4088549720E-03
     3     -1.4940190983E-03  -5.4490426309E-04
     4      1.1125212496E-03   1.2712942909E-03
     5     -5.5241701048E-04   1.3362503878E-04
     6      2.0085138669E-02   1.0251956792E-02
     7     -3.9611945947E-03  -3.0353779500E-03
     8     -2.0640543722E-03   2.0323732889E-03
     9      6.8886494558E-04  -1.1499941585E-03
    10      9.8128031110E-04  -2.5432332120E-04
    11     -1.6029208546E-04  -3.2923951050E-04
    12     -1.1574749397E-03  -3.8210119336E-04
    13      5.5400598171E-04   3.9236453103E-04
    14      9.3127011374E-05   1.2395141851E-03
    15     -4.5025745768E-05   3.8880008862E-04
    16      1.1158487546E-03   4.4318209595E-04
    17      4.8724722701E-04   2.7829007771E-04
    18     -8.2570402333E-04  -7.2731634780E-04
    19     -5.0722877815E-03   5.5050794203E-04
    20      1.5226840902E-04  -5.9812730216E-03
    21      5.2951150250E-05  -3.5032993630E-04
    22      1.8906957454E-04  -1.0243746035E-04
    23      5.4198256013E-04   3.4561270539E-04
    24     -2.0654956855E-04   4.2685456302E-05
    25     -8.2326305197E-04   4.1065956089E-04
    26     -6.5395601729E-04   6.9357101489E-04
    27     -7.5781734435E-04  -2.2370176396E-04
    28      2.7683598951E-05   6.4109771950E-04
    29     -7.7956389900E-04   1.8241198609E-04
    30     -6.8098702614E-04  -7.4656514359E-04
    31      2.9080265217E-05  -4.3132953018E-04
    32      1.0856054926E-04  -3.4232674556E-04
    33     -1.0698409969E-03  -3.3664766374E-04
    34      9.2720321400E-05  -7.8984993675E-04
    35      6.1350977117E-05   1.3160650813E-03
    36      4.5763926449E-04   2.6000231720E-04
    37      2.9220185822E-04  -6.4332128154E-04
    38      2.1810771563E-04   1.0887310300E-04
    39     -1.5050266550E-02  -3.4795401066E-03
    40      7.3121348160E-03   2.0254986201E-03
    41      2.0254986201E-03   1.7313577685E-03

$vibrational_frequencies
42
    0        0.0000000000000000
    1        0.0000000000000000
    2        0.0000000000000000
    3        0.0000000000000000
    4        0.0000000000000000
    5        0.0000000000000000
    6     -189.9023451839875065
    7       52.0099214506470275
    8       95.7757021699299003
    9      163.1753340349453651
   10      218.6685417010167214
   11      255.2374362276676720
   12      290.6453972643985253
   13      368.6854543445957688
   14      441.7648506087626288
   15      562.0058827074609553
   16      758.3598621730617424
   17      812.5325327888124320
   18      922.3978961729405910
   19      937.0001274285664294
   20     1007.8669345309806431
   21     1026.2208703421986229
   22     1095.1950615445327912
   23     1115.3984791465711623
   24     1146.7130336786856333
   25     1165.1822877638692262
   26     1225.5523949094288128
   27     1365.6284381627351650
   28     1410.2554242920602974
   29     1421.1860521722360318
   30     1480.5089029325104093
   31     1483.5054793876715848
   32     1495.8616660159950698
   33     1505.3951575958487865
   34     1541.5433327819207534
   35     3051.7906588930400176
   36     3057.7570607843376820
   37     3126.9215519899080391
   38     3134.0195690965042559
   39     3147.0261882252448231
   40     3156.6307318891231262
   41     3167.3450033802860162

$normal_modes
42 42
                    0                  1                  2                  3                  4        
    0      0.0000000000E+00   0.0000000000E+00   0.0000000000E+00   0.0000000000E+00   0.0000000000E+00
    1      0.0000000000E+00   0.0000000000E+00   0.0000000000E+00   0.0000000000E+00   0.0000000000E+00
    2      0.0000000000E+00   0.0000000000E+00   0.0000000000E+00   0.0000000000E+00   0.0000000000E+00
    3      0.0000000000E+00   0.0000000000E+00   0.0000000000E+00   0.0000000000E+00   0.0000000000E+00
    4      0.0000000000E+00   0.0000000000E+00   0.0000000000E+00   0.0000000000E+00   0.0000000000E+00
