C  
C  0    R1 
C  0    R2  1    A2 
H  0    R3  1    A3  2    D3 
O  2    R4  0    A4  1    D4 
C  2    R5  0    A5  4    D5 
H  2    R6  0    A6  4    D6 
H  1    R7  0    A7  2    D7 
H  1    R8  0    A8  7    D8 
H  1    R9  0    A9  7    D9 
H  5   R10  2   A10  0   D10 
H  5   R11  2   A11  10   D11 
H  5   R12  2   A12  10   D12 
X  6   R13  2   A13  0   D13 
Cl 6   R14  13   A14  2   D14 

R1   =   1.498577
R2   =   1.490612
R3   =   1.084298
R4   =   1.434956
R5   =   1.499747
R6   =   1.086255
R7   =   1.089499
R8   =   1.089389
R9   =   1.085290
R10  =   1.085306
R11  =   1.088726
R12  =   1.089304
R14  =   2.417856
A2   = 123.425608
A3   = 114.634874
A4   =  58.529154
A5   = 123.944200
A6   = 116.945965
A7   = 109.701886
A8   = 109.615775
A9   = 112.082052
A10  = 111.997823
A11  = 109.837754
A12  = 109.468889
A14  = 104.825862
D3   = 205.817948
D4   = 105.395212
D5   = 255.498241
D6   = 101.049264
D7   =  93.741335
D8   = 118.610054
D9   = 238.713292
D10  =  24.509205
D11  = 238.665878
D12  = 119.942401
D14  =  97.669216

R13  =   1.000000
A13  =  90.000000
D13  = 166.293502