%mem=20GB
%NProcShared=6
#P b2plypd3/cc-pvtz
# SCF=(xqc)
# POpt=()
# int=ultrafine

comment: 

0 2
C  
C  1    R1 
C  1    R2  2    A2 
H  1    R3  2    A3  3    D3 
O  3    R4  1    A4  2    D4 
C  3    R5  1    A5  5    D5 
H  3    R6  1    A6  5    D6 
H  2    R7  1    A7  3    D7 
H  2    R8  1    A8  8    D8 
H  2    R9  1    A9  8    D9 
H  6   R10  3   A10  1   D10 
H  6   R11  3   A11  11   D11 
H  6   R12  3   A12  11   D12 
X  7   R13  3   A13  1   D13 
Cl 7   R14  14   A14  3   D14 
  Variables:
R1   =   1.500118
R2   =   1.467152
R3   =   1.086315
R4   =   1.438282
R5   =   1.500108
R6   =   1.086300
R7   =   1.090472
R8   =   1.089475
R9   =   1.085868
R10  =   1.085871
R11  =   1.090470
R12  =   1.089475
A2   = 124.622535
A3   = 114.382055
A4   =  59.329952
A5   = 124.631415
A6   = 116.241514
A7   = 110.244391
A8   = 109.969422
A9   = 111.806229
A10  = 111.815374
A11  = 110.230324
A12  = 109.980615
A14  =  90.000000
D3   = 205.440672
D4   = 103.706563
D5   = 256.311371
D6   = 102.161999
D7   =  95.241108
D8   = 118.861727
D9   = 238.845660
D10  =  25.695590
D11  = 238.874127
D12  = 120.007289
D14  = 180.000000
  Constants:
R13  =   1.000000
R14  =   2.417857
A13  =  90.000000
D13  =  90.006212

