%mem=20GB
%NProcShared=6
#P b2plypd3/cc-pvtz
# SCF=(xqc)
# POpt=(CALCFC,TS,NOEIGEN,MAXCYCLES=60)
# int=ultrafine

comment: 

0 2
C  
C  1    R1 
C  1    R2  2    A2 
H  1    R3  2    A3  3    D3 
O  3    R4  1    A4  2    D4 
C  3    R5  1    A5  5    D5 
H  3    R6  1    A6  5    D6 
H  2    R7  1    A7  3    D7 
H  2    R8  1    A8  8    D8 
H  2    R9  1    A9  8    D9 
H  6   R10  3   A10  1   D10 
H  6   R11  3   A11  11   D11 
H  6   R12  3   A12  11   D12 
X  7   R13  3   A13  1   D13 
Cl 7   R14  14   A14  3   D14 
  Variables:
R1   =   1.498577
R2   =   1.490612
R3   =   1.084298
R4   =   1.434956
R5   =   1.499747
R6   =   1.086255
R7   =   1.089499
R8   =   1.089389
R9   =   1.085290
R10  =   1.085306
R11  =   1.088726
R12  =   1.089304
R14  =   2.417856
A2   = 123.425608
A3   = 114.634874
A4   =  58.529154
A5   = 123.944200
A6   = 116.945965
A7   = 109.701886
A8   = 109.615775
A9   = 112.082052
A10  = 111.997823
A11  = 109.837754
A12  = 109.468889
A14  = 104.825862
D3   = 205.817948
D4   = 105.395212
D5   = 255.498241
D6   = 101.049264
D7   =  93.741335
D8   = 118.610054
D9   = 238.713292
D10  =  24.509205
D11  = 238.665878
D12  = 119.942401
D14  =  97.669216
  Constants:
R13  =   1.000000
A13  =  90.000000
D13  = 166.293502
